0.5655216773549403,0.07595317622100632,0.4119599861756461,0.0,0.24470194436977585,0.045791048536332014,0.13419671543591516,0.1275896990885379,0.04887613122895946,0.18977846781989902,0.7137686724780155,0.05324610276717777,0.8499494387056309,0.15026977958752766,0.9241311777581506,0.26241450981293885,0.9765382793799521,0.35191415040674384,0.07223160912919371,0.27060437225884043,0.22268282068020942,0.2493289251505357,0.31412452158775267,0.26792707103446,0.420330760467468,0.2994988308051599,0.14279597557697477,0.23392894454547364,1.0,0.4583713650737158,0.0,0.2829341541857575,0.11413220178436569,0.6029806220576429,0.35138115535757714,0.9378082320514346,0.5113961317409725,1.0,0.6642755654544756,0.9929078510508758,0.8890429194987391,0.7388091708064195,0.9526976690603279,0.5954595850483024,0.7922186807982284,0.896786938609023,0.5410525709458162,0.3325951926547171,0.5314350447371453,0.5654304226596858,0.40325064321646636,0.5271344179169237,0.29165674641270817,0.47115702801568793,0.6502419261933106,0.339441405793088,0.8450552334139754,0.5632949800102174,0.8987481279520756,0.5124082614437632,0.1984261997107126,0.41252333141050185,0.1382800199685112,0.36549860486413044,0.04566004889725177,0.4357812610908553,0.21750188804833404,0.7952684349384811,0.9261638697950667,0.4232535308284538,0.8131555367817416,0.3512273296669569,0.741304097384893,0.34380426708629047,0.6511699499507188,0.5707670298052209,0.7490809364719737,0.5499104733664514,0.8724799354863485,0.36248539131286733
0.565194121857328,0.08195205464757549,0.4133844457484057,0.0,0.2468471721594243,0.04992770009053579,0.13535010284815227,0.1372893755604852,0.048882856276961366,0.20183688968793043,0.7120058291366559,0.05696675062323809,0.8471889246403539,0.16071175720960967,0.9223325574047445,0.28077036948042755,0.9763429905276529,0.3741799216500684,0.06982841446193329,0.2785016111938281,0.22153492001057498,0.2633776286487855,0.31440454466318035,0.28383936118631925,0.42088043176879475,0.3175682343804305,0.14050605159817647,0.24527905190575697,1.0,0.48077938015163674,0.0,0.295304367601059,0.11709987555051166,0.6059526210326229,0.3554928651109406,0.9389966832148359,0.5119342545604612,1.0,0.66163602715965,0.9971788017523611,0.8866800358517697,0.7503014284059264,0.9518219276129557,0.6128715292825361,0.7888562898576891,0.904649935423523,0.5404435044460063,0.35301664399696214,0.5320905579592863,0.5455618153498929,0.4055318764790467,0.5073447697344426,0.29302244604502103,0.45413568354522715,0.6487119800364965,0.36084412826046847,0.8453099308112431,0.5622594472596832,0.8996930675831651,0.5194941580814993,0.19780375669802622,0.4021795097336703,0.13630765461075683,0.36245210399172734,0.04703416879993294,0.44378199324628737,0.22202626980391146,0.7968136550285981,0.9285144084135591,0.4408846333729517,0.8135727320209178,0.3716515702167281,0.7401804195172907,0.3648045327966978,0.6505587330655197,0.5540425732760655,0.7491317552536384,0.5390730593803232,0.8742454040739475,0.3825029928300802
0.5606412854146671,0.082230880902367,0.4084507224317398,0.0,0.24215149253007842,0.05289040798113296,0.131733028267101,0.14380654950139765,0.04682572768314477,0.21061784307107145,0.7077265132933257,0.056309457878506844,0.8445092925630411,0.1627675297309874,0.9210007723604823,0.28545243424336864,0.975920450101958,0.38109625881661546,0.06980522942984285,0.2863416056863278,0.218769975536532,0.2729264773190279,0.3109032093355438,0.2928093994378776,0.4172982894962206,0.3265389274669865,0.13915803012529043,0.25450511710518986,1.0,0.4877618768290005,0.0,0.30451281816007053,0.11817115379022172,0.6101616784585656,0.35650414780200423,0.9400726848498949,0.5120821093520251,1.0,0.6611282926309054,0.997179556921719,0.8865496168898109,0.7531566132399157,0.9519397881987196,0.6176235090812369,0.7883628866245908,0.9057237953857027,0.5370342003806865,0.36169615460659627,0.5312715509580178,0.5350376150106122,0.40527079475570466,0.4981457389134849,0.29298315349291143,0.44742364212924884,0.6459506012454717,0.36880843380205997,0.8448363339053325,0.5592975764070264,0.8992990586250691,0.5200232888638378,0.19807459257176652,0.3998365847077805,0.13678988886411303,0.36445870322974594,0.04762717286978778,0.4505564967955965,0.2233162379904408,0.7994306681129357,0.9283139596885998,0.44667210656075257,0.8122937813670458,0.3795560478404822,0.7381652722166746,0.3727157633493144,0.6495079837513452,0.5442056935373403,0.74833780914617,0.5311368395526178,0.8736553979595464,0.3897094244526516
0.5645182413778352,0.07407989348637775,0.4108148484519426,0.0,0.24306064225708052,0.06020955397420683,0.13220729391866323,0.1578487638879126,0.047801064176349224,0.23214366934466832,0.7122794894322747,0.04813270373417905,0.8487862663994709,0.15374906449118658,0.9239722669193838,0.27705946321434627,0.9766269492624146,0.37519071975257084,0.07152160106878318,0.3116867275591593,0.22247077134687082,0.2857354029613764,0.3143946797763716,0.29801382692363354,0.4208208702290579,0.3239465447162876,0.1426331947995538,0.2748514556723879,1.0,0.48554664726045804,0.0,0.3324446861031975,0.11473229416545737,0.624849594991875,0.3541114259107527,0.9424078032805865,0.5140531166809807,1.0,0.6670621954148939,0.9932405611812427,0.8916277554566185,0.7476958572982092,0.9541982974494648,0.612767576194867,0.7949969891114423,0.8999067592320765,0.5397164170755223,0.3527767555520639,0.5337156997272102,0.543125405731723,0.4067601851943257,0.5100879895140316,0.2947788230880858,0.4636216285502818,0.6473996123686644,0.35876607938076555,0.8464216494404354,0.560471082957407,0.8990427677798728,0.5207734642149789,0.20009213648045227,0.42004965949546613,0.1385331214194283,0.3872799745293512,0.04605705222493147,0.47140754278531466,0.2193822248985676,0.8070701724644093,0.9254385531940098,0.4451998577613119,0.810751669151061,0.3735047364656167,0.7382047206783877,0.36426749143053255,0.6526928531706466,0.549557158037933,0.7505944448283465,0.5347161635248732,0.8704633477790172,0.38616356622161946
0.5676570938371254,0.07360134590721672,0.413719755902595,0.0,0.2454595673055052,0.05140530285867383,0.1343530054005576,0.13896216211956747,0.049092433370376866,0.20629593804729193,0.7158851780364326,0.05172444362142026,0.8517244740792732,0.15258769968460226,0.9253358288978574,0.2697832797820387,0.9770148109154952,0.3638923747027755,0.07294392128573564,0.28851408454866206,0.22404710378039033,0.26151714002596466,0.3157266057073041,0.2760715348109682,0.421849837203408,0.3040190066054258,0.14405711203395008,0.24973651187026338,1.0,0.47365217202869114,0.0,0.3033767850705163,0.11312445978176808,0.6126153191506127,0.35179271217172603,0.9396134456761351,0.513451352738947,1.0,0.6673022557563705,0.9939008654230683,0.8919115114412535,0.7461185982234497,0.9541479011912422,0.6069761806730718,0.7955931190007344,0.9001729664133897,0.5424206975882708,0.33535882650759535,0.5334763083841869,0.5662473183310908,0.40493523880082927,0.5296170507847514,0.29304361388937633,0.47650670885103413,0.6507203992903239,0.34281135431913684,0.8464226992389828,0.570545868604626,0.8991557973133688,0.5230470850825334,0.19946189389951455,0.4222035290664345,0.13915761699583423,0.379003295817877,0.0451157772968617,0.4510818280855691,0.2168567584956425,0.7999036667697635,0.9254034171037154,0.4370534245576847,0.8124414289706446,0.35996024530498627,0.7412047597694202,0.3495733954804152,0.653072338876866,0.5720558772135466,0.750648911764897,0.5535417729648374,0.8713588478810448,0.37465648042898825
0.5671648844505038,0.07287138312257983,0.41320549023568237,0.0,0.24518516792192172,0.051774117259151244,0.13430322663341762,0.13910712217945875,0.049174406003472504,0.20634772659026812,0.7154047436858535,0.05035219353078676,0.8512726693623253,0.1501439587377164,0.9250944839988969,0.2663060011265483,0.9768894533976045,0.35963974006959476,0.07278860831769929,0.2889939766957593,0.22387949551565153,0.26055059555935867,0.3155804405498522,0.2745725887647418,0.42168477367214213,0.3020415252757001,0.14387268515821133,0.24946469330999116,1.0,0.4691739889033033,0.0,0.3035193838919299,0.11325650317924577,0.6138019826464464,0.35188573100641807,0.9400368188946089,0.5135242563957154,1.0,0.6673910763601617,0.9932416917065243,0.8917366799895903,0.7441008319578585,0.9540210240654209,0.6038112266226515,0.7955332600507798,0.8989217323721691,0.5423821749899334,0.3328773495106188,0.5329777964221023,0.5687508463831716,0.4044303576214503,0.5325658805034532,0.29265180558630577,0.4793816152818039,0.6509627074666635,0.33992514538164276,0.8462082752316622,0.5697714127582573,0.8991516832329258,0.521000115795031,0.19917900234737226,0.4247028091089474,0.13892676017313327,0.3808213989217324,0.045212487036368085,0.45201866066364293,0.21699339550697674,0.8007785743865317,0.9256033186897701,0.43348753044526134,0.8128103341347803,0.3563101422708779,0.7415178033878291,0.34622223617868547,0.6526950759562014,0.5739380712473088,0.7503460205372414,0.5544217019514407,0.8717859579751746,0.37088265253051395
0.565185895498275,0.07532276772373413,0.41147163360815503,0.0,0.2434276013383225,0.053883595954070496,0.1325678020866991,0.14424640257707677,0.04780216487216102,0.2130707632462658,0.7136703807548389,0.053354808973170645,0.8507318299788411,0.1591750112696459,0.9251310701368549,0.28045463524334835,0.9773382860299559,0.37729254987768,0.07252634431577741,0.29285175224000043,0.2224889515431359,0.26872002147563984,0.3140999416307939,0.283503770899495,0.4203130048675749,0.31234697340363565,0.14297002845498796,0.25624389033241657,1.0,0.48644147634893864,0.0,0.3097293765479935,0.11355155772818712,0.6135640951613965,0.35143603881552204,0.939759817254461,0.5110412910017615,1.0,0.6637731783075015,0.9958932903820537,0.8900417965207784,0.7518884887531466,0.9532714115967105,0.6160763398216104,0.7923750013028841,0.9040008509215784,0.5401529325314516,0.34411775133842876,0.5313499963519246,0.5562028637563122,0.4038595334632743,0.5197864592038818,0.2922017177223502,0.46817806547031143,0.6485913217498254,0.35250844590316716,0.8452414765324522,0.5700870675115103,0.8985255261045851,0.5267700941585247,0.19861294962529055,0.41686040327604806,0.13842426595511825,0.37701397436092243,0.045292158722548236,0.4544316299706736,0.21722986001813616,0.8002633804885708,0.9259844591988826,0.4467632057457467,0.8122211828102688,0.3711588234996176,0.7398531389082874,0.35987296956435855,0.6506147007014728,0.5639188990695577,0.7488664908641769,0.5479995745392108,0.87184636912269,0.385927377895286
0.5657522453697509,0.07495274082887815,0.41198235424268986,0.0,0.24367018176383168,0.05482469943979354,0.13261665120911553,0.14653896368911892,0.047758937912858575,0.2165525881375927,0.7141577897246555,0.05203381949534718,0.8511839222323097,0.15714308919648243,0.9255009127678502,0.27882809438433126,0.9775897054667517,0.3759698028617433,0.07248884412979643,0.2965084051273409,0.22244906350736512,0.26981484151172497,0.31423558874342183,0.28378954592616806,0.4206518539597547,0.31203235755750797,0.14287411244177312,0.25851832599995533,1.0,0.4854506727959764,0.0,0.3140029279366169,0.11390311541993521,0.6158951222037901,0.3520620982369254,0.9406168971587644,0.511488735132849,1.0,0.6637744402810947,0.9955065716136342,0.8898935028029185,0.7509416301013001,0.9532109391163938,0.615326590821873,0.7922922841256715,0.9033709850009238,0.5406862108418676,0.3434650363352467,0.5318848705057524,0.5562754696982926,0.40432385016378913,0.5204163680184853,0.292433588551535,0.46930844248797454,0.6491081504262303,0.35136457684006195,0.8455128175841446,0.5689405214651053,0.8988462640480422,0.5257889895776015,0.19867859149836864,0.4188817393811536,0.13845549367458732,0.3797586584283762,0.04553918570795475,0.4581621816985687,0.21775827870976333,0.8018028536214434,0.9264864540290689,0.44609814882121107,0.8128365770259236,0.3694702708848988,0.7404652146358751,0.35818289248462426,0.6509917743201886,0.5635303362253983,0.7492815665276249,0.5472459730719171,0.8725773470404066,0.3846744244127375
0.5628895243619642,0.0741848199859988,0.4089853238966019,0.0,0.24160779645846978,0.056693581002707855,0.1317017219453875,0.14951211350418087,0.047474563214333056,0.22026232752550293,0.7111637075173198,0.04899291933295148,0.8482086964738244,0.15183504037150405,0.9232906860615733,0.2716859542476817,0.9764097025277334,0.36706042484002294,0.07179190721101542,0.30004968168819196,0.22176165735110967,0.2727945539015523,0.31343644970321016,0.2861511267683704,0.4196817006064408,0.31323483220112464,0.1422806425831412,0.26166749811640705,1.0,0.4761302070823094,0.0,0.3188691872938056,0.11477754869833737,0.6193017464550473,0.35358805333949267,0.9417338498586535,0.5131609856861075,1.0,0.6656498076738842,0.993660452349718,0.890638554201056,0.7449019813139369,0.9536363481266741,0.6071707920944527,0.7937300767598398,0.8994992824896685,0.539251981989194,0.34320192321510323,0.5315490946695941,0.5543470450686818,0.404335638272044,0.5200420446683542,0.2926171968813116,0.4702135696703558,0.6473817794791775,0.34952607364797034,0.8453293822598024,0.5631809419401725,0.8986806861534383,0.5188759620694682,0.19876520203100578,0.4211765116474817,0.13810143742609782,0.38322750312563514,0.046090681337083175,0.46210847442316894,0.21916056310671966,0.804157659294479,0.9257001759872544,0.43729637179968833,0.8110466451527388,0.3637325729160893,0.7384686352916782,0.35453530171360764,0.6507532280734448,0.5604268929852331,0.7489346931115622,0.5428822769815705,0.8712012147188862,0.3767052418286967
0.5653528051294244,0.07375300257619757,0.41154212197251494,0.0,0.2438808400487057,0.05672346593324422,0.13323062956493034,0.14892470640054495,0.04808999155706904,0.21906386204282735,0.7128971174170002,0.048082192482419885,0.8491767651063947,0.1497236861648459,0.9236415821882321,0.26817755788762043,0.976363068301281,0.36269379100533167,0.0716136085113128,0.2984291852967237,0.22243356841230322,0.2729489011467408,0.31460758055990584,0.2868900737007616,0.42103894555717775,0.31367945546456066,0.142520473616332,0.2612079959436412,1.0,0.4712843599711138,0.0,0.31683337686748714,0.11531117997328916,0.6186377395018668,0.3547799499712128,0.9418189081634221,0.5146434744789651,1.0,0.66686971620879,0.9925950965177799,0.8910868455991632,0.7417154505272754,0.9537315593353337,0.6025075672602677,0.7945289283372666,0.8973956332682882,0.5408113204704723,0.343416867692024,0.5332821124488364,0.5525836239878309,0.406008694450394,0.518615716341697,0.2939129022264055,0.4690820439541304,0.6482684131547284,0.3490261153706293,0.8456161931354845,0.5600161844618923,0.8987254383741364,0.5150080154059687,0.1995164800903374,0.4198003574922279,0.13831865809142602,0.38157429743558224,0.04620818080055229,0.4603885295187171,0.22016006853904543,0.8043247340575368,0.9251637987556338,0.4333317968337866,0.8108554215210245,0.3619941715450527,0.7387964140140864,0.3535782513610825,0.652026139681055,0.5579316667434916,0.7495469047717297,0.5399699870421871,0.8705349569436721,0.3741151043027109
0.5630650553173879,0.07106785702893234,0.40931569384363703,0.0,0.24254944941255585,0.05522504705094261,0.13290398505040316,0.14601741682350314,0.04840707907379747,0.21608245079587865,0.7113356999217604,0.04720744680851064,0.8484775594395194,0.1468836725254394,0.9232927909578217,0.26296791763692623,0.9762222523973023,0.3567916839452614,0.0721208123993715,0.2987166656033685,0.22304255332906572,0.2672583256244218,0.31447110628309827,0.27964707805671635,0.42037787821768735,0.3053755701936266,0.14331891395575902,0.2579986602443459,1.0,0.4664064244473508,0.0,0.3147219608280966,0.11321280544186016,0.6189521595585186,0.35108662618895203,0.9416528437908706,0.5116111552960498,1.0,0.6654594479253555,0.9910722830074324,0.8912216381188856,0.7388014769211139,0.9540649065973502,0.5990372499920252,0.7943415258675874,0.8949348464065839,0.5396009130117101,0.33390518836326516,0.5305154119221741,0.5655084691696705,0.40298797954129567,0.5314583399789466,0.29146734948562264,0.4807449998405053,0.6483100877448222,0.3397965246100354,0.8452884845428152,0.5647199671440876,0.8989654258242646,0.5167250151519984,0.1982638552113441,0.4283091167182366,0.13802318739371366,0.3864547114740502,0.04506928413933128,0.4601382819228684,0.21687196497966416,0.8044883808095952,0.9255850193659354,0.4306317585887907,0.8117378906325774,0.35469233468372197,0.7394858166346595,0.34528812721298924,0.6505357154403729,0.569205756164471,0.7488319010947088,0.5489788350505598,0.871121801710927,0.3685414606526524
0.5711365855685525,0.07135588083501089,0.41670129438407677,0.0,0.24774443705719806,0.05190495694517469,0.13589604412956308,0.1390787535838676,0.049890533128337244,0.20750363349222903,0.7192376015457813,0.05140532150475477,0.8539467806611124,0.1517913770281955,0.9271389541044234,0.26763127291811306,0.9778319845837402,0.3617312174353403,0.07294804803556959,0.29269438094103817,0.22480314142652344,0.25763565925250276,0.3169676248156074,0.2684523792232993,0.4236328977166483,0.29411195126036915,0.14443588851260103,0.24956306106106688,1.0,0.47211191833865407,0.0,0.3057526823935636,0.11231651638237311,0.6161899311839326,0.3503621626394631,0.938946679409307,0.5125302559680871,1.0,0.6660864359768133,0.9943432747229977,0.8904071700151669,0.7497484877797499,0.9532389468326027,0.6094351698808912,0.7940600912094077,0.9028044459807911,0.5449346574972471,0.3243534514060961,0.5338081226236729,0.5793582783104964,0.4045644958550622,0.5425217840083737,0.2928232324281648,0.48844883529750094,0.6536795412519998,0.33302251361167673,0.8457653331532692,0.578587522863647,0.8988366385489601,0.5281950282400535,0.19939072531216886,0.43296993569614417,0.13899176206602812,0.3879514269142767,0.04499763665828676,0.45520080793761913,0.2156503864453263,0.8006493324153985,0.9253041179281544,0.4374221135160101,0.8144770262408842,0.3538532446770912,0.7436845536140949,0.340936312942204,0.6531938875153228,0.5853509987383236,0.7503181421537055,0.5656502571282775,0.8728807836945004,0.3710499993706143
0.5710548596067778,0.06976098501974841,0.4163542736524145,0.0,0.2473798290977179,0.055233833253478505,0.13535713319218196,0.14485987164742278,0.049494909142924155,0.2158779676833777,0.718774766462328,0.049264484010878254,0.8535938834972725,0.15014378689268956,0.927148746325704,0.26716983242054604,0.9779058993632723,0.36273051453823824,0.07226620137397084,0.3027294926535165,0.22411626819106725,0.2627545191887778,0.31680002164951243,0.27121302536684216,0.4238710359162834,0.2946517831406374,0.14354142208946147,0.2574580713950365,1.0,0.4744639684411149,0.0,0.3155975278102071,0.1137810744601475,0.6229158612897535,0.353097104506578,0.9407210457158447,0.515115354530096,1.0,0.668156144531114,0.9940190822511157,0.8914276951387824,0.7511190119724399,0.9539419509561223,0.6117339359239717,0.795738783168535,0.902973009710797,0.5457867858077137,0.32362414308699805,0.5346798127317174,0.5833014396042029,0.405363924438047,0.5477639523416102,0.29327421813687904,0.4953586188745964,0.6547096065845446,0.3319621439912696,0.8464572763624696,0.5814755436956943,0.8995050251353417,0.5313868036120732,0.19952731897850384,0.44118619607268494,0.13893123573612853,0.3974562782765625,0.04549876997264172,0.46398482983209277,0.21795775510019988,0.8045616548362623,0.9256390794318033,0.44108207951612793,0.8157342986266735,0.35464605673002675,0.7449036661129718,0.3403415987097259,0.6539860231778649,0.5883530206815971,0.751125967945835,0.5686113647077651,0.8737272857310383,0.37331762587257866
0.5671507290090195,0.07252914582948067,0.412612346372713,0.0,0.24366009971030472,0.0558856279485192,0.13285695732494374,0.14866143622148864,0.04849016546821701,0.22126730748800919,0.7165511949598853,0.054201602971438466,0.8537860495689027,0.1624877534398571,0.9277034029255777,0.2851992697312249,0.9783914623382888,0.384461328412413,0.07380603403720716,0.3047888476626284,0.22446944417203607,0.273815378925293,0.31566647141611426,0.2852022207095726,0.42206123622754727,0.3106967063147002,0.14540887320994558,0.2652270482740711,1.0,0.4964007900752696,0.0,0.32129071858290087,0.10999342685923141,0.6174095918600213,0.34793052084189213,0.9393249341931829,0.5097987505731619,1.0,0.6654735179290366,0.9959728982148548,0.8929293678917977,0.7553373361715188,0.9547539975562759,0.622845293976463,0.795627006066903,0.9052076898561103,0.5414280148319741,0.3404356824432527,0.5309427951220934,0.5658815752715883,0.4030084046086198,0.5294989632229405,0.2917268541955456,0.47853556715836526,0.6498941141235062,0.3504031036422942,0.8458678003567519,0.5794186966118834,0.8982316130964529,0.537154784716293,0.19897003124892326,0.4279577655978879,0.13931480308407523,0.38864286473108717,0.043585489261661364,0.4620140230491082,0.21307776714648827,0.8009820855941107,0.924102090417792,0.4564120824857468,0.8122036454426665,0.37526607988101657,0.7406339370197698,0.36100596884553793,0.6512312711871145,0.573320008026661,0.749639537441723,0.5580211526127963,0.870486597949074,0.39269357434301383
0.5675458321883824,0.07263258061841342,0.4130328892603494,0.0,0.24413757147684892,0.05611207410536956,0.1335645406300242,0.14931730507263258,0.049060781943794055,0.22256091541927103,0.7170225588359191,0.05370546590276434,0.8538422312534306,0.16126940192133807,0.9275943131604742,0.2837023860760243,0.9782326078879671,0.3827592878492938,0.07422976997740556,0.30550992849274067,0.22574557298717632,0.275286167234592,0.31659297549950655,0.28651667647209794,0.4226807102032425,0.3114642601900806,0.14668718956154148,0.2662835967638128,1.0,0.49511373642211,0.0,0.32335515535356807,0.10853865746137345,0.6169268067329751,0.34601009527559107,0.938669988667817,0.5084912245812503,1.0,0.6649055138371655,0.995716869158694,0.8931591171571983,0.7542574656184726,0.9549427950059761,0.6211971049628644,0.7955327095394509,0.9047445125779334,0.5413737663923935,0.3409930861838183,0.5305186241239865,0.5642203102728016,0.4026144519789118,0.5277668097338319,0.291512000317115,0.4769437457800451,0.6493823311849688,0.35045072079791206,0.8458303743771075,0.5775524064107778,0.8980273699811679,0.5351445741744683,0.19893658976403822,0.42716802034265045,0.13941034077097914,0.38832765408017816,0.0429946137478761,0.46254753001843946,0.21115357973796356,0.800244609316081,0.9236169385099223,0.4538855173121799,0.8112339334555659,0.37415551545638687,0.7398723074618101,0.3606368528908912,0.6509685780684068,0.5716030103332136,0.7494737704907019,0.5561545204354401,0.8696825289115497,0.390792502596136
0.5679701821318723,0.07659068449227312,0.41435386061032403,0.0,0.24587096724501795,0.05026429395321135,0.13392623325408604,0.13700859834967982,0.048346846453640326,0.20337019408752552,0.7157122758011595,0.05531764737077744,0.8517636804296813,0.15876198450440931,0.9264360792609975,0.27725623816337375,0.9780846114742566,0.3716657301050343,0.07069869421665836,0.28656950222174177,0.22085992739372218,0.26294367270179503,0.3133636116231662,0.2794060805456602,0.4208288617656573,0.3107021968574363,0.14058159477070487,0.24892686354517984,1.0,0.47977689776112475,0.0,0.29905857708582134,0.11702370743880584,0.6106857772832641,0.35598257243939635,0.9386519835559495,0.5149679844312423,1.0,0.6665002130948041,0.9954851270273329,0.8895257485275919,0.7518563807383097,0.9526582934957304,0.6142623888746677,0.7935637666945659,0.9039210147092869,0.5425098460069114,0.34386157789048244,0.5345919619612938,0.5598075340349217,0.40648989211754616,0.5224280164848445,0.29406569481743167,0.46865952024247937,0.6524988575037612,0.35259352783219805,0.8468066588275165,0.5710003804037992,0.8997831824553656,0.5262361338735815,0.1997198958659608,0.41591699242353936,0.13840058228797067,0.3751128208318503,0.04726596798956606,0.44892135635881153,0.2217277110537153,0.7985359043054979,0.9268276088709057,0.4443789474543031,0.8159746648249798,0.3685449911630056,0.7437258984641769,0.3588961966759031,0.6536991204062665,0.567455384141547,0.7516938469517174,0.5510164328322134,0.8747593055676794,0.3819458113258347
0.5650958608410162,0.07684463828838044,0.4117999476505773,0.0,0.24389725294788647,0.05324757692224667,0.13259203965630342,0.1434716955530908,0.047762062179480966,0.21204358815952995,0.7129345082870429,0.05476171141398369,0.8496905890602632,0.16030808987770767,0.9250472598954951,0.2815786471059267,0.9775175386723282,0.3779425656818796,0.07096125819575452,0.2939805701492445,0.2205707379652878,0.27180204618881143,0.31243169531343407,0.2878644124942308,0.41933115533883325,0.3182180291992562,0.14089297774503245,0.2577513303927807,1.0,0.48677830624577906,0.0,0.30883615173416196,0.11537812763564802,0.6127516233515927,0.35365977399267756,0.938995696075277,0.512803957874872,1.0,0.664847362655473,0.9956981311283642,0.8896939497639429,0.7528938677039122,0.9530677731137243,0.6177792077365797,0.7928197273305996,0.9042507809665173,0.539939054931348,0.3508012166528068,0.5328066076604655,0.5523106226865249,0.4051851780041944,0.5154646275362781,0.29298550050248984,0.4639049045416839,0.6494605101160412,0.35923945836541316,0.846274950801237,0.5687995781393107,0.8994141388681538,0.5270544893111151,0.1989097101716221,0.41408134798058865,0.13805059797905378,0.3766175695109027,0.04641648812928369,0.4543647265255188,0.21959742647652838,0.7993396605583898,0.9264561702842703,0.4490739931725178,0.81378987200243,0.3750880161343211,0.7409097812634307,0.36579248442435647,0.6520837978536737,0.5601557512954433,0.7505692191857403,0.5453083931157763,0.873287252915572,0.38788671848097256
0.5707897677001866,0.06884302397185361,0.41551054939519383,0.0,0.2458348133270474,0.04986094082310533,0.134924407302881,0.13387639633611698,0.04964899930897748,0.20088766261100377,0.7198530124061145,0.05203000663587083,0.8556834987697216,0.1519890149683923,0.9278585405862713,0.2652023021508677,0.9778659674638182,0.3584702939084176,0.07462655722247696,0.2882660892294853,0.22631762494914204,0.2523349625836147,0.3175158063328662,0.2632712821200964,0.424026271772053,0.28804734445684205,0.14635469475533283,0.24509616498135156,1.0,0.4693077187493681,0.0,0.2994569982702619,0.10877792344503788,0.610454161940983,0.34658266760525175,0.937490464382285,0.5119947301460188,1.0,0.6693431411171316,0.9935856312257244,0.8944505079338426,0.7451283333302697,0.9551752420193357,0.6043568811774719,0.7989673411132566,0.8996733533941285,0.5449900867330134,0.31723598516947205,0.5320524660462533,0.5908461746318562,0.40217704384441016,0.5528480017940748,0.2911387663633487,0.4971443697117532,0.6532242335785279,0.3265896219391816,0.845746336611923,0.5823914134404876,0.8980444708511202,0.529531463402529,0.19907325484523034,0.43699415271326236,0.14010190967625272,0.3874080214994862,0.04310818054416409,0.4477282711994015,0.2110163197561401,0.7970848123114705,0.9226106443300633,0.43482324870913014,0.8124086978423306,0.34980230251850597,0.742762023468933,0.33619141454340246,0.6527741002176398,0.5952725394429913,0.749864701665558,0.5736223215254047,0.8696253624639151,0.367972824178834
0.572309488047196,0.0673741848609474,0.41701804230984996,0.0,0.24742963654272218,0.04989362595015929,0.13609030720270518,0.1336536110614415,0.05041260247199551,0.20078603671820547,0.7211759946020428,0.050825083110428305,0.8567906197568335,0.14982045957968565,0.9287375295039205,0.2620979954968927,0.9782866656498101,0.3548568967971011,0.07458125761026646,0.2896357373017118,0.22697401586813265,0.25023081161757893,0.31844586402215025,0.2600407615141242,0.4251350135595236,0.28402418686800496,0.14655078810691471,0.2442798859991315,1.0,0.46598493612083214,0.0,0.29990183664011266,0.10939911533480003,0.6130529899683614,0.3474340314312084,0.9382300671816898,0.5126566325330327,1.0,0.6700770139576487,0.9926924859414742,0.8944347785622511,0.743886685180252,0.95501185327277,0.6024301817664296,0.7993597681567062,0.8985103983826765,0.5464869329624392,0.3124678414643492,0.5324329844136573,0.5963342006254722,0.40238370995804174,0.5589509292676429,0.2913171222270193,0.5028883382658293,0.6551880365964949,0.3218426247933643,0.8459669142453847,0.5838968299438388,0.8982298940314829,0.5296889425726099,0.19920672262824674,0.44206719628657865,0.1400993503320726,0.39138716869866036,0.04333553939500482,0.4498034908204486,0.2118122968979843,0.7989858885608667,0.9228419158611525,0.4332096864246277,0.8139042638174001,0.3459628949798017,0.7445374121345456,0.33167355756423494,0.6533337814396104,0.6001321008783613,0.7503018254298589,0.577293610623538,0.8706041420531367,0.3650062218783869
0.5682971900326576,0.06906659886633863,0.41252784470981607,0.0,0.24334459886271176,0.053342281979570166,0.1332395957501265,0.14157867579976968,0.04923055976130955,0.21153048023570584,0.7184030048393991,0.04863769947504599,0.8551152114757844,0.1471226612625817,0.9280492043760789,0.26094401986150784,0.9779683949860867,0.35403549048053484,0.0746025480650586,0.2975898478979406,0.22543757842831136,0.2620825419140631,0.3159486773640101,0.27157489942120455,0.4219729535652029,0.2951604400041877,0.14631049003416316,0.25490274890447634,1.0,0.46513673481596696,0.0,0.3116390978568117,0.10843513876369816,0.6165068872171455,0.34572017891310225,0.9385263523922049,0.51057657123369,1.0,0.6679045002549636,0.9918172232774479,0.8938559334515527,0.7416368170737179,0.955142115209512,0.5996029194023601,0.7977997851628854,0.8973002632248029,0.542743879727873,0.3231673346993105,0.531462640139978,0.579109522456366,0.40213423195731535,0.5433049668725604,0.29128233930255837,0.49054129339096364,0.6518512845387319,0.33041629899944663,0.8455548944175735,0.572981320012563,0.897742901112741,0.5211178080552772,0.19930299037291455,0.43557161658914495,0.14019529099562797,0.3909439824716211,0.04313761685286538,0.4567062500934747,0.210414690616881,0.8005081285613868,0.9225362300341239,0.429623820349072,0.8122269941983505,0.3491261983458714,0.7421345854370286,0.3377204133825883,0.652250585696247,0.5827382109686972,0.7497972401089503,0.561085727532417,0.869541765919188,0.3648224728175523
0.5712161059694449,0.06839795036880071,0.4153460631960037,0.0,0.24536675748174236,0.05329613331462873,0.13455551916535016,0.14128869823315293,0.04985399797454596,0.21201426472434085,0.7214954755452351,0.049676422596150294,0.857907770300648,0.14935782898574265,0.9300161655647873,0.26347100908896254,0.9792184215241574,0.3571469443808652,0.07502187240952239,0.2991494325858874,0.22666313995257314,0.2610298732270616,0.317410175445275,0.2694561758429994,0.42355026781805566,0.29255052089870714,0.14718999428331023,0.255155457438404,1.0,0.4688660577824703,0.0,0.31246723617274197,0.10655227161299258,0.6174504758599813,0.34323701159549463,0.9383993901313507,0.5084401575469822,1.0,0.6661755082832932,0.9929036318933246,0.8930591772561071,0.7445685880728594,0.9547278862227776,0.6035503067801741,0.7965902012918012,0.899074491099314,0.5447093053401496,0.3207403332865718,0.5306243268450107,0.5853530002436521,0.4009151954339991,0.5488790156454197,0.29018074847286934,0.4955256609986784,0.6540595388974468,0.32891283160684887,0.8450639238807331,0.5787180944927237,0.8975045434885197,0.5264648661020829,0.19856997431755785,0.43987514674502914,0.14005364893486452,0.3941091561514778,0.04218470749385177,0.45827272794394525,0.2079687111325806,0.8005015172882257,0.9226369757595289,0.43345066782832126,0.8138557858348172,0.350179785733799,0.7442578771850258,0.3374480393387429,0.6517505475486165,0.5892846595146154,0.7493976472966489,0.567768515715562,0.870634132510375,0.36725573874585604
0.5775010416366404,0.06539835760851515,0.42101773795828734,0.0,0.25040355230850264,0.04783344671869894,0.13840271899919027,0.1285790046014817,0.05222268226020738,0.19370684436921132,0.7272471181386281,0.04766113667489827,0.8614472591198891,0.139834510934099,0.9315808506568207,0.24645603772607882,0.9793546307627401,0.3355331879857938,0.0762877642415968,0.2842669323633974,0.22969594691976908,0.23971541166030103,0.32099965671849084,0.24778719977430064,0.4274352678512936,0.27026517890782215,0.14906737489223318,0.23609154395156035,1.0,0.4463044405994604,0.0,0.2924512130448524,0.1065260173317855,0.6107578606413505,0.34279017114286536,0.9376666184555663,0.5097252175644832,1.0,0.6675541323494344,0.9912371861144889,0.892717977207156,0.7358647732203408,0.953940006970449,0.5880665027489255,0.7973151979371664,0.8947748095215138,0.549865569912817,0.29784460669562907,0.5322442225197911,0.6081696387917227,0.40109496319550536,0.570476593510786,0.29005191150150283,0.5121277701294736,0.6587100476663409,0.30602174499184875,0.8447090099604047,0.5812705231975744,0.8971406746660867,0.5200549249424592,0.1988261606714691,0.44731419531209543,0.14052005838406126,0.3924937102370022,0.042284551545946,0.44517772932859795,0.20733023943230147,0.797704437385387,0.9217986378799353,0.4163430273356939,0.815611971353027,0.3269962520333478,0.7475577223926984,0.3137355210459309,0.6532018207022334,0.610047193310442,0.7496776822471051,0.5822740283231287,0.8714056984730524,0.34646460858836114
0.5736830051293796,0.06703315384734267,0.4171414995373423,0.0,0.24541653010697068,0.05333488485835819,0.1343852707699071,0.14015907373956016,0.049675481512778695,0.21078679591597402,0.7242046960740568,0.050813050628504,0.8605287854676791,0.15226642351360417,0.9314450582501141,0.2674744293827324,0.979555532740763,0.36264412591716494,0.07663006208694806,0.29872008276416306,0.2278006583822645,0.25700709004511846,0.3185763306179343,0.26406258948920586,0.425335739416459,0.2864218226843262,0.14846309465989066,0.25306706497223164,1.0,0.4747793849597225,0.0,0.3111792529588825,0.10746886109871653,0.6183912079440506,0.3447799973938487,0.9390159755562081,0.5106180922182691,1.0,0.6680237080794639,0.993787233191484,0.8938427701019163,0.7488484017625566,0.9548615909895609,0.6090811486982189,0.7980739488852122,0.9016448286489096,0.5470252362318211,0.31444472828463454,0.5323287804659745,0.5931555928083179,0.4024147702967195,0.5567317246564296,0.29182247634391195,0.5023631968567073,0.6558327114108624,0.3242756999362723,0.8450504843097845,0.5863846406295313,0.8972208950155381,0.5335633954034253,0.20041764232810919,0.44483646714115455,0.14173843454545693,0.3965870691904403,0.042670462697156006,0.457862913673087,0.20917391584763756,0.8013987361737757,0.9221234604950898,0.43903824842521727,0.8142853946279061,0.3507604139299068,0.7454928719129282,0.33518849665406963,0.6526836119151131,0.5979292595498334,0.7495495175329487,0.576559123558059,0.8706348610908191,0.37117781658610555
0.5729480621105871,0.06661581536915825,0.41631842662624435,0.0,0.24498629450514275,0.055294321892407024,0.13432368843432022,0.1443416542308772,0.04966380706441353,0.21619804671916787,0.7229928943945543,0.046890929507542735,0.8594293083103378,0.14571297705412153,0.9306716446790605,0.2597054564796619,0.979218416197081,0.35405246671887236,0.07559241255408898,0.30316392340538706,0.2270245203404761,0.26160683943795154,0.3180442235881438,0.2685354826317578,0.4251366449971828,0.2904406332648749,0.147467057946137,0.2577274271952247,1.0,0.46523488866890267,0.0,0.31701843944386165,0.1094379992797974,0.6212905025043957,0.3477155212843482,0.940613872430963,0.5128104889834583,1.0,0.6691823470340181,0.9916316987042154,0.8939039244482546,0.7416686366927202,0.9546324834986367,0.6000132976758618,0.7984856067706916,0.8969725624621385,0.5467118290981529,0.31738043173120967,0.533389392819357,0.5864053427106574,0.40382638788223046,0.5517011790605931,0.292814831188577,0.49902945435203383,0.6554381527655977,0.3249517959250011,0.8453742069080417,0.5765068852410573,0.8975101848323234,0.5234777854937132,0.2006649739500489,0.44387734371537063,0.14139649776888055,0.39766699664603067,0.04362407523165533,0.4623952808025886,0.2119212552252404,0.8040864496682969,0.9224739287314268,0.4305261077702753,0.8142008473203282,0.3461209571371581,0.7452201307777729,0.3330661485498146,0.6533923313509178,0.5896115601128825,0.7499690076749459,0.5669039316794965,0.8708187417968727,0.36440249109794476
0.5663906419557109,0.08189018617186114,0.41306441653545495,0.0,0.2436166037776773,0.057921440646632516,0.1312901133357418,0.15749806048715434,0.046687195114925195,0.23163660688906415,0.715765265350415,0.06193724740917416,0.8526892922429985,0.17998251766933604,0.927251210051032,0.3159129815922599,0.9787548861254034,0.42259259971660673,0.0729012960305717,0.3096146407039096,0.22169707411998907,0.2920874287509537,0.3132264796648391,0.30762383495653994,0.4197665504683292,0.33861436500456293,0.14317948745756096,0.2774753633781505,1.0,0.5357415350683158,0.0,0.33119826629992244,0.11222617533048068,0.6110106625119416,0.34916369053872603,0.9342147163609396,0.5074128122731472,0.9975144314716147,0.6592024541956456,1.0,0.8890711430703608,0.7733473533931323,0.9533263609812174,0.6509795875623262,0.7895904093331011,0.9158796412061526,0.5384501721963113,0.3730244218328236,0.5321696328534701,0.5315814670197329,0.4055828070743843,0.49340672492685417,0.2934942261197505,0.4448430330347659,0.6455541765993312,0.3852193092128463,0.8458448193006275,0.577615777696564,0.8986146347547126,0.5490808953175992,0.19922852256852777,0.4036334609244263,0.13876765596796967,0.37532084778617697,0.04470393824927085,0.4630188864738481,0.2154605920896112,0.7945110183564472,0.9269197635003467,0.48735523112795226,0.8115072277715608,0.41050457254846645,0.7377308857349878,0.39632422243166826,0.6503984475558697,0.5454252074691014,0.7497293864307545,0.5392059431375441,0.8721863475200139,0.4269973776504004
0.565383394033693,0.0814984257070532,0.41215984270041783,0.0,0.24265789710662747,0.05685376838751892,0.13088933982519108,0.15561798289010279,0.04659404290124021,0.2303218684084105,0.7152601313402761,0.06374163143198619,0.8531105464251111,0.18365513811252404,0.9278346187726272,0.31993620110227017,0.9792034406575274,0.4270729604448955,0.07375787699730589,0.30988384485923626,0.22193175424377778,0.2912351810198279,0.3129870332115264,0.3065836093250743,0.4192773237946087,0.3380132624503825,0.14382498254822343,0.27675635205198934,1.0,0.5402682820004603,0.0,0.32994825883942425,0.11192834852365757,0.6120314370765343,0.34805511714526177,0.9336188164328824,0.5054210533086605,0.9969468579361014,0.6572714832892892,1.0,0.8875949860758182,0.7767346120685541,0.9523111162569308,0.6553374840794389,0.7876712931647942,0.9176287934945485,0.5379053941054636,0.3727198203959222,0.5303207267522362,0.5333125477881953,0.40427658239032804,0.49495367262554313,0.29292984690509416,0.4459050885347569,0.6458938051779133,0.3860480209721909,0.8445793190861837,0.5818308883805621,0.8976821467817976,0.5537757048791946,0.19936868917691938,0.4047104711425581,0.1391774948931125,0.3762268508944678,0.04471784996821102,0.4632005709661991,0.21478922113279802,0.7949283269863187,0.9264493099523538,0.4926683231473557,0.8118126352893542,0.4139695831119567,0.7380953831841384,0.39858085630083046,0.6487030164659459,0.5480522565572562,0.7481859292977919,0.5426978577102177,0.8722340372950051,0.43138702154803527
0.5580658759573327,0.08498396273115028,0.40594819358776774,0.0,0.23880793317303314,0.0657177666718655,0.12850836517416628,0.17501870449608617,0.04526602973759557,0.25634879194949445,0.7073204126437053,0.062200643299043644,0.845726696051287,0.18842943262651812,0.9227294647704931,0.3319895480858124,0.9772594063946959,0.4431699769669106,0.06911006417628074,0.3291460126082996,0.21830861945117983,0.3175797399227408,0.3100162885673143,0.3334542627037999,0.41604845427229226,0.36453198073267373,0.1396628300289687,0.30169617569342255,1.0,0.5563406546460612,0.0,0.3578175752191986,0.11360854154933615,0.6221917826797496,0.35069858731245385,0.936343683531228,0.5055256351023684,0.9975203828149193,0.656037392884965,1.0,0.8867779325322821,0.7794994202171304,0.9525176459479238,0.6647566607219144,0.7859446188711314,0.9172797898767424,0.5320709412633589,0.3987086551523823,0.528702613927231,0.5083836828983267,0.40443669547798344,0.4726258852142936,0.29257302033204396,0.43034129206816346,0.6392719718609098,0.4095934286754052,0.8449099070236438,0.5721191120393665,0.8988382170932158,0.5532337869879997,0.19732031147247975,0.398955034617445,0.13609013681722068,0.38029687595359024,0.04548186168544517,0.48240082096350195,0.2178519999865105,0.8006326753419363,0.9287093586756012,0.5032956078904719,0.8090494288884318,0.43319951989909744,0.7327622779713145,0.4203595331900264,0.647164676403835,0.5241576195675023,0.747713361683759,0.5235201974652299,0.8722429997942852,0.44794499182879116
0.5581355522150308,0.08310846538284408,0.40567532817031965,0.0,0.23849602987987703,0.06646311995042102,0.12793341723910154,0.17576315804435955,0.04484224175190895,0.25625849295830705,0.707335819698646,0.05876359584036934,0.8457429602063755,0.18186955953172884,0.9230495306804251,0.32281826917063244,0.9774867957148256,0.4316418487500071,0.06977475922397132,0.3285062059005805,0.21824379609267328,0.3170621044911048,0.30996838582880504,0.3327681784843161,0.41617419598611477,0.36305229103769027,0.1398213513902896,0.30116726650405673,1.0,0.5429204973817524,0.0,0.35742689659485677,0.11434244970410984,0.6237842632234295,0.35230704618169856,0.9396159903571164,0.5072776474489837,1.0,0.6581693954163529,0.9993813999238121,0.8880843388886925,0.7708120831698705,0.9531679411101114,0.6524775274191073,0.787801768545123,0.9130673580432224,0.5325941289521112,0.39568799358657275,0.529489796750509,0.5080719350015067,0.40517923305053644,0.473520164201932,0.29329687147466654,0.43151676417577794,0.639926686655449,0.4049965601742087,0.8452876400279444,0.5639767797544931,0.8987714510170629,0.5424042392299339,0.1980737917705295,0.3994450793434197,0.13685837231870782,0.3800922214451817,0.0458745273504715,0.48246257412682436,0.21908036197274602,0.8037047776621693,0.9281796978848679,0.4908204979503187,0.8091678378135932,0.4246735008329495,0.733156551309827,0.4140595061433583,0.6480701220258078,0.5217857528669952,0.7484111364519821,0.5184539546625275,0.8718198943657186,0.43708643912645484
0.5607293916842843,0.08065184739149826,0.4058800926239075,0.0,0.23636510168337763,0.06923800226254764,0.12508041269160527,0.18260130068404432,0.04337104394742485,0.267208674522298,0.7120707545336927,0.06152916316069144,0.8506525840717389,0.19123021253792913,0.9265787152102675,0.3392316100599114,0.9782781394050253,0.4541856569757579,0.07217425844027442,0.3401786446508273,0.22072222470076405,0.318121613621121,0.31259345501854346,0.32867717354549303,0.41882887459649737,0.354982941019854,0.14258123660687944,0.3080760818157001,1.0,0.5695070589464437,0.0,0.37184757124385076,0.11309514386496136,0.6275727492200727,0.3526328590363717,0.9373170948169235,0.5102877874888645,0.998218271813532,0.6627927057953265,1.0,0.8926765805141519,0.7824696370374781,0.9552308186047984,0.6717811777155908,0.7937491814815508,0.9180719589011702,0.5345519124188857,0.385638551834697,0.5323939020195638,0.5188120613786262,0.4070976163303605,0.4849064255679118,0.29490554117201767,0.4430032342972565,0.6394985702011793,0.3985094596735146,0.8468856002636529,0.580631064307356,0.8983410879711248,0.5625598917931532,0.19989335873918657,0.4112320773984522,0.13841704648321299,0.39257897852826557,0.04535851467864426,0.4914379310383566,0.21799934662439394,0.8033751728647066,0.9252899534146071,0.511644705874423,0.8061359740837271,0.43172869200255687,0.7313251867661218,0.4130329035541321,0.6510074792797901,0.5356160274651266,0.7507048253371577,0.5338545206578239,0.8682311222661484,0.4516534909402604
0.557316530456405,0.07890811274137945,0.40175610160302133,0.0,0.2326077437337446,0.06982049575464541,0.12287853797255413,0.18392734336153232,0.04245959944825379,0.2698864989196965,0.7093353258295658,0.05898756017528491,0.8493112815812915,0.18621641286087176,0.9261993015310171,0.3320789778811877,0.9781994529683503,0.44613377601227927,0.07277349618085047,0.344946272759187,0.21944055334630075,0.31995809463480646,0.31029438131777626,0.3289991993240213,0.41641766416485526,0.3545278060481491,0.14236895134647076,0.31125365038477854,1.0,0.5613380923534891,0.0,0.3756410668149154,0.11225435185892899,0.6307255807669435,0.3508474418877092,0.9397732193265241,0.5087230046881284,1.0,0.6619468697831803,0.9999269092467555,0.8925052092299626,0.7778218291071743,0.9550559710954705,0.6647681528084014,0.7932108929159473,0.9159954683732988,0.5325836709123885,0.3838394129705079,0.5301956756069458,0.5201636346924153,0.4050091469577883,0.48688076351043813,0.2934155476138262,0.44562546304653333,0.6387205259732884,0.3953921817257613,0.8458303658997414,0.576485597245586,0.8975626446958717,0.5566215238979078,0.19950868585968187,0.41440463705457553,0.13882446055807515,0.39612641156517203,0.045221902124337195,0.49491742406036854,0.21649252563898339,0.8064390738737103,0.9245827794322385,0.5056185747967579,0.8059994899704912,0.4265908590046147,0.731144444785734,0.4087877234113005,0.6492775653448521,0.5349235371051854,0.7493276396705809,0.5315491806637305,0.8677609204532548,0.44557009126377234
0.5542889881207838,0.08215777053154509,0.4010175805142613,0.0,0.23451316008923892,0.07556245078665305,0.12450462558801179,0.19651057626269894,0.04322937710702041,0.28450082309871216,0.7041982349004575,0.05503236819598056,0.8433782947326844,0.18258634346440902,0.9221078473447792,0.3327904508849335,0.9768772936908193,0.447873339908763,0.06910782710761357,0.3541535772326333,0.21753766729681012,0.3357751343458559,0.30975982671403557,0.34735350656431463,0.4157341869230227,0.3736037449528897,0.13921774283028623,0.3247618746760548,1.0,0.5618224938194472,0.0,0.3897416277347411,0.11474612475724125,0.6365460508226892,0.35324042380811815,0.9422239694301021,0.5081301068312994,1.0,0.6582179989351064,0.9985971636732082,0.8886251079024736,0.7744335126951423,0.9534670800631121,0.6636246529471848,0.7882934277362218,0.9127398364566625,0.5305249730112972,0.40298491746197773,0.5290462642541174,0.5025172663528713,0.40491916647999626,0.47110496468339075,0.29280387325393387,0.43347525497339995,0.6361155249067172,0.41178335714294073,0.8450900798111942,0.5638372429059655,0.8985120100599648,0.5486505744140906,0.19717977651190818,0.4084687321939822,0.1357083391776872,0.39610645644011855,0.04618888812127226,0.5053194289906248,0.21949857886248986,0.810186533941268,0.9284323105190694,0.5050351177083808,0.8070895676015539,0.4351214523977503,0.7297473075846803,0.42173659203203007,0.6470589466764642,0.5165152094835948,0.7477974636550972,0.5146595811147108,0.8712092822993887,0.450372471179845
0.5489583694890076,0.0827796189190397,0.3970857948116318,0.0,0.23280875788772187,0.07354189844270026,0.12408696799094777,0.19208343231591005,0.043142454513269424,0.2770222434430413,0.6980979222924896,0.05474187304043899,0.8376382303735431,0.18014907364068503,0.9181294384705629,0.328177223109472,0.9752535525119227,0.4411678924825771,0.0682602930865723,0.3481932641670528,0.2156942236537941,0.3341596908450721,0.3071119657348337,0.3478157583398211,0.41190186945082713,0.3761286953821982,0.13778470424080025,0.3206647395444998,1.0,0.553955108559386,0.0,0.38064347691099093,0.11423434430383261,0.6324386876439168,0.35037729169125253,0.9418241175654285,0.5043629775152201,1.0,0.654266832346428,0.9986193400586604,0.8860759581542904,0.7715678134533198,0.9522925589887056,0.6588135262337149,0.7846785558093202,0.9117683031524677,0.5262722747877517,0.40653261485702996,0.5256572233830604,0.5006327044705627,0.40194928255572604,0.4685376529721822,0.29029107342436467,0.43003205859454935,0.6328920605610435,0.4145978328107837,0.8439497962555448,0.5600081381318518,0.8983353349114562,0.5440494026940509,0.1953968331100359,0.40437459867955283,0.13455394889380992,0.3913477075635233,0.04616911831062179,0.49964366272382804,0.2177219495602313,0.8081435415926748,0.9296613052140532,0.5008479180730033,0.8060984498760873,0.4339729371835008,0.7272517753882252,0.4229758749079756,0.644212199676508,0.5147744726090709,0.7458706170645526,0.5122648232778796,0.8717451215871936,0.44757137917814277
0.5590414220566597,0.08238195600681428,0.4072318381722912,0.0,0.24098592102181896,0.06523957230297438,0.12967522649408944,0.1740614760563892,0.04536988281731169,0.25203412587349094,0.7066629126334498,0.05562762529636553,0.8432828749758041,0.17469818667992296,0.920865476114738,0.31463038437573415,0.9758947751708604,0.422019972965335,0.06888357669124386,0.3243932806032521,0.21887525194210306,0.31395962505575475,0.31180720151713476,0.3313743983311599,0.4178834562192644,0.36219641331031643,0.13925342566811189,0.2963530441237057,1.0,0.5337723345261727,0.0,0.3531474047516091,0.11731872689543708,0.6217689205768757,0.3568995926964201,0.9404272657421311,0.5123463474655539,1.0,0.6623569733648637,0.9970888364538963,0.8898859035601501,0.7630914400442179,0.9538490797429751,0.6440174737910159,0.7911388121462828,0.9077030635882105,0.5342898447535807,0.39419310831684806,0.5328028956590832,0.5104024442424222,0.40797903516834266,0.4762277676199167,0.29517259303076365,0.43322880383524515,0.6400161892682478,0.4020061491945781,0.8469369660824001,0.5583396039682621,0.9000123179214928,0.535941236489761,0.1987848573489938,0.39944114739567194,0.13677765880981807,0.37866236291143596,0.0471735784644831,0.47977677674610225,0.22296250072756954,0.8034402802888692,0.9287909080203205,0.4828309448172777,0.808433309284058,0.41780020451917,0.7322794516765233,0.40913935109994315,0.6507862488680372,0.5224488730448955,0.7505262188989402,0.5165187250806103,0.8715247556381563,0.42881609277588806
0.5636483020248475,0.0772412046256507,0.4092791062440874,0.0,0.23971160973532146,0.07169169024910037,0.12833475985906745,0.18591473640079656,0.04489665537731947,0.2718443210005939,0.7131352305443048,0.053430589036788594,0.8508898380859165,0.1758856513992244,0.9263141441732908,0.3190179226496174,0.9782724432085772,0.43083032002235966,0.07150033649626168,0.347655294693079,0.2210923774382328,0.32390691052649967,0.31373054908272346,0.33352767005554973,0.4207902816057356,0.3576734619012682,0.14248807929571947,0.31410054850993957,1.0,0.5463067288544178,0.0,0.3778932152464801,0.11493224344037054,0.6365510253991545,0.3566921803183132,0.9422022936100339,0.5148269945082172,1.0,0.6667485724504436,0.9963032351605352,0.8942534902102112,0.7697502882297453,0.956093039509985,0.6536013433252978,0.796414301295886,0.9097535198965867,0.5379865374193399,0.38664273486357126,0.5348140533943805,0.5199806536701255,0.4092183594544529,0.48818585578031654,0.2966702568701889,0.44859684519442405,0.6435303303942808,0.39565864863920625,0.8475064466677315,0.5703760961464557,0.8992367746048388,0.5484204136533557,0.20083434691740756,0.41888297872340424,0.1391101482631196,0.40028342591622124,0.04578601567949721,0.49903486706494776,0.22120090260173722,0.8107324092513014,0.9258527415913475,0.49378013310973695,0.8089308701533959,0.42092242252733814,0.7350866631447179,0.4066605090311987,0.6528191288227818,0.5313406176850785,0.751602281895136,0.5265400639345981,0.8695561662086768,0.43661893407399643
0.5826316695138875,0.05838150747393046,0.42394910726378265,0.0,0.25140098312539133,0.054653661631180364,0.1406603414963841,0.14224574759129296,0.0544101607507503,0.21619919908013163,0.7338933558232154,0.04347408905277348,0.8678283240348837,0.13860195868522263,0.9346142446533642,0.24965306688870387,0.9791709058742167,0.34525673050235917,0.08128548257612091,0.310077316521946,0.23863199927243747,0.25135323738154713,0.32890143948767037,0.2515506918837477,0.43453213215728176,0.2655009714127116,0.15808258488829102,0.25602315530708536,1.0,0.4639617778835098,0.0,0.3236295150866342,0.09749730271900318,0.6240172871813171,0.33633670965086815,0.9389120177629753,0.5119494945992223,1.0,0.6786640329601522,0.9883311526109194,0.9047436159987856,0.7388263748463582,0.9604518738987602,0.5970262876174617,0.8113440866898588,0.892423773839261,0.5546407954509023,0.2882026882359938,0.5343305476151063,0.6261869077356171,0.4014012121243844,0.5908409658617818,0.2912677449684014,0.536023948297054,0.6596819792840968,0.29694381666071923,0.8473159028023588,0.5977693192181119,0.897662312850573,0.537987391459498,0.201397417283928,0.47297807382736606,0.1444519105385991,0.41813092264382856,0.037138402411424826,0.4659553546647635,0.197500508704906,0.8035700408389834,0.9185280468152456,0.4301011062210063,0.8115724314000802,0.3301811982078427,0.7467774934555359,0.3107799056341937,0.656872488780685,0.6254914555330875,0.7520804558519384,0.5985099718488561,0.865046313410639,0.35558780381428173
0.5894211794013702,0.05211029143253866,0.42886361874176177,0.0,0.2547853621568083,0.046512148194550094,0.14359463048975396,0.12283006095387107,0.05621628111141959,0.1898338527090048,0.7413847223577023,0.037447731658629455,0.8741780532398896,0.11852807154538199,0.9378865869794129,0.2141028176190318,0.9803126711737737,0.2996908283404468,0.0808784356686751,0.28995379745647853,0.2388241502902607,0.216625843113425,0.3302800309144525,0.21467800392310257,0.4372863063482178,0.22715528875507168,0.1567764179754035,0.2262719411563482,1.0,0.4157081431080845,0.0,0.2952531613596047,0.09945837178881127,0.6223544677614211,0.3370994690017583,0.940198666607007,0.5140972154482221,1.0,0.6807407462988947,0.9828685414227959,0.901835358029879,0.7193141354379715,0.9578008969193098,0.5643263247688068,0.8113192917689019,0.8813463545312701,0.5614949989119914,0.2481492280090471,0.534205366008609,0.6649117590597255,0.3995073947070255,0.6295605345696351,0.2898480039418428,0.56821550794652,0.6688770750325778,0.2549980586560126,0.8451638641064698,0.5977217714872138,0.8968499023293389,0.5206013403212094,0.2009745806164382,0.49224039756415455,0.1445094331600023,0.42204024427736536,0.038586164031684814,0.4525128496764667,0.1982633130988737,0.805267320901996,0.917844717405387,0.3923845910692403,0.8177204092913437,0.2841427559001702,0.7552361979225288,0.2656083334896993,0.6575092605793208,0.6590725716240461,0.7509404396555389,0.6203207475545561,0.869105056613967,0.3116405583565116
0.5870194893605338,0.05434450000474701,0.4281400807928028,0.0,0.2555974037481171,0.042474053939178386,0.1444767249587862,0.11490027992752411,0.056584912936208126,0.1784758884759396,0.7383156809670177,0.03995667805705614,0.8710778239106263,0.12006575704218923,0.9356259570278133,0.21390830091368987,0.9797231779500792,0.29786683979863915,0.08052636373733478,0.278683077201718,0.23728923548843206,0.2103575374849465,0.32822668907999286,0.21200949694109983,0.4344073260128115,0.22706847306217925,0.1556390855462749,0.21647606813200776,1.0,0.4129927852752134,0.0,0.28216373094531955,0.09928691678241477,0.616540919590764,0.3348764334357907,0.938955643208891,0.5101770977238493,1.0,0.6753537025042774,0.9847248523497334,0.8980206137707176,0.7210160353995485,0.9560344386497593,0.5642098821061826,0.8061222324970767,0.8837530298703774,0.55867961048734,0.25022511781713497,0.5316288722577682,0.6635699121364977,0.39717824210136166,0.6266878358965969,0.2879463477884312,0.5635861980321087,0.6670123510406099,0.2576874174294138,0.8430661579989742,0.5980976905431529,0.8957424663893704,0.5201247660271836,0.19953850512099577,0.4856300706282047,0.14351330136064863,0.4134755196697834,0.03843710728320785,0.4431779259656331,0.19712682623058023,0.8021928264646534,0.9183248908972693,0.39097177135771055,0.8171129988556225,0.2849659274233303,0.753716730998903,0.26757653458050673,0.6544672529573485,0.6587411075723573,0.7482207238406158,0.620512341130358,0.8694760697808211,0.3106406783696285
0.5926194618797533,0.055187714440336225,0.433835832451449,0.0,0.2599537674467998,0.04562589827262223,0.14647100154478965,0.12074554606892421,0.05688616839071447,0.1849739149713515,0.7420516189420105,0.03608101793581474,0.8735309989022239,0.11532454055785088,0.9372254787798261,0.20993886934853248,0.9805950465474383,0.2932977988808495,0.07939675408949408,0.28128259666317945,0.23805504686849777,0.21935904038502843,0.33132341918379293,0.2228031725430151,0.43885176811114585,0.23878674786627777,0.15481237165341885,0.22293173089580537,1.0,0.4066454660856137,0.0,0.2872355412268162,0.10533650111938593,0.61886605374355,0.3453530974205347,0.9407176635327681,0.5189820194389116,1.0,0.680558865623059,0.9829802597494575,0.8994985299184138,0.7148514150271628,0.95662981481047,0.557315085745342,0.8087387428548849,0.8802236453452253,0.563770422773484,0.26171016480872905,0.539087746768105,0.6444337697389034,0.4048170023178019,0.6093881469198728,0.29372859861277645,0.549100437945191,0.6707603797885701,0.26689637811859857,0.8461705640396188,0.5829605526007663,0.8974659769652231,0.5079840895566738,0.20226988993836895,0.4756689845660694,0.14433595655325449,0.40844605283517355,0.040964709398025975,0.4464492875788767,0.20644242725843676,0.8047591224468272,0.9198246768722393,0.3840676940557543,0.8200301548864622,0.28711545078947914,0.7571407931895893,0.2735413823179148,0.6599178334911875,0.6384069233676746,0.7526904160065397,0.6008201561021723,0.8712885224970024,0.30850925427687464
0.5903752883942542,0.05823771601201783,0.433420756466868,0.0,0.26042318241242063,0.04379706057136003,0.14617791381056588,0.11767658393029215,0.05615497838551189,0.1794885555161836,0.7383363124018965,0.040886516399038134,0.869165372024721,0.1232766982054538,0.9345433981922653,0.22069074915733905,0.9795802328437514,0.3048424099747695,0.07755106333877176,0.27628308988041356,0.23558152470152083,0.22099695608219289,0.3291298459360617,0.22779506549118983,0.43664483253798697,0.2462440327136326,0.1522783532773157,0.22125896819315027,1.0,0.4173900279137601,0.0,0.2803434884071479,0.10928757879992106,0.6146717311818877,0.34926995805793193,0.9390869193610377,0.5203118029892153,1.0,0.6802571588904625,0.9843597710392963,0.8984648052283117,0.7210849511134331,0.9564412535722527,0.5662973505998262,0.807658588224667,0.8838252505490811,0.5610034666087558,0.2711596482408491,0.5409208941289148,0.6381454909057332,0.4076083493114113,0.6019846628211917,0.2963328686852563,0.541145766334127,0.6680921648950026,0.2780769258087454,0.8475465529732836,0.5859372102181567,0.8989108921304949,0.5144079039267881,0.20364578596366836,0.46812172830133286,0.14425188256715898,0.40212861164359726,0.04274700438105597,0.44069647869928347,0.2113647598771745,0.8022897648756981,0.9210376686669426,0.39491933262674245,0.8190136962909205,0.2997686875008385,0.7546651966216187,0.2860162084479965,0.6614553074751419,0.6345980678974397,0.7544505056992087,0.6000748155063819,0.871532540523685,0.32073912669469357
0.5853756172425133,0.05602544741029585,0.42884390123134414,0.0,0.25701922828211665,0.0437825437124106,0.14393867543975258,0.11603211784856547,0.055246669138305435,0.17717728248215112,0.733341996386152,0.039262854230663134,0.8650306635118374,0.11974293876444157,0.9323000897919266,0.21434705292868086,0.9787923540142165,0.296889830231112,0.07695315916080885,0.2750012857737319,0.23288995746892693,0.21471330362806385,0.3255554720727401,0.21986341186683436,0.4326776100320615,0.2371590167025904,0.15052526429496094,0.2170783480379093,1.0,0.408540187052804,0.0,0.2777777777777778,0.10814014930833118,0.6177340147154855,0.34572416757710833,0.9401577527480491,0.5160578511276954,1.0,0.6759613833129895,0.9840267939660587,0.8953308198163022,0.7206372138763818,0.9549272857834377,0.5628595296094209,0.8036358955851687,0.8839180097157738,0.5573904667825299,0.26122012913843806,0.5364704259389046,0.6483354295341447,0.4032285678741977,0.612398443356602,0.29270813189682676,0.5505410380012374,0.6661033629478357,0.2683456533834551,0.8455061542573568,0.5890877552260858,0.8983873172906733,0.5133813978932013,0.20125831868620492,0.4755453628765174,0.14277655359124597,0.4066559440929996,0.04274662294904277,0.44195627745906174,0.20901626724245176,0.8044712197083398,0.9217824867559987,0.3882514568206011,0.8189848954952536,0.289961457958316,0.7532360197419067,0.2759504205648988,0.6576279411782819,0.6445131748948393,0.7512683571526229,0.6079364188785871,0.8730164790972031,0.31215079554327446
0.5863725293854852,0.05816214321632437,0.4295484725709796,0.0,0.2569346663996426,0.04372383599535511,0.14378814721242278,0.11799704602812351,0.05493999661084836,0.18103774247712093,0.7347582148414031,0.04349174948234445,0.8667823086284719,0.12873381018954522,0.9334814289895706,0.22813788464984538,0.9793563692942862,0.3148245654890513,0.07653197356461726,0.278993249755875,0.23274968034138,0.21814553403185585,0.3259593609908647,0.2228693629225218,0.43366536749187373,0.24160127063418824,0.15011538520789364,0.2208737346745934,1.0,0.4287285211431603,0.0,0.2825613825409368,0.10961502318487822,0.618481349006804,0.3482334817370943,0.9397553934458452,0.5177120145425416,1.0,0.6765788054781015,0.9868144863033433,0.8960152819928212,0.7313756493883258,0.9552268420809391,0.5786729861561184,0.8041520188560073,0.8900699338237674,0.5584274336419516,0.26714025998425917,0.5379193690015868,0.6443234717616235,0.40514041871427914,0.6077603730435462,0.29415864310692774,0.5466663614281688,0.6667798437909201,0.2759721780371954,0.8464794417142946,0.5967133707882021,0.8990371728313281,0.5260517110854466,0.202034723399011,0.47349358880743053,0.14294640518848303,0.4071184249061984,0.04324249379939303,0.4448806372748307,0.21144793800933556,0.8042413415547743,0.922416157010152,0.40598483227802384,0.8199460816785544,0.3030994601225638,0.7543425816092308,0.2859061123219782,0.6586156856099703,0.642747020174949,0.7524877913515012,0.6099999289531083,0.8735076178885586,0.3280582331901081
0.5876185845428538,0.06139294270677789,0.43114753385756754,0.0,0.2582229069599199,0.04757899137913871,0.1440973354223215,0.12634555783409984,0.05454594004156863,0.19114636218235875,0.735357987616349,0.042522779912530444,0.8671120359623907,0.13024286406381694,0.933662206142892,0.23300880668431986,0.9795510165808778,0.32034563083600454,0.07597545625202984,0.2845780158082306,0.23328669747986305,0.23329002993078093,0.3273209720377384,0.24032641806199853,0.43541865769469845,0.2602028457469754,0.15009727704988174,0.23256498828651256,1.0,0.43240687279749934,0.0,0.2915604820780324,0.11167144513394302,0.6172700937742648,0.35322467365769783,0.9402587253867442,0.5221787326846541,1.0,0.6802736549654764,0.9864000769838268,0.8986263226170228,0.7269322276863042,0.9566013330029701,0.5767258313921463,0.8074032399188003,0.8872128868271382,0.5591843755608257,0.28612515844731584,0.5416136502087435,0.6219198173625076,0.40954538426142406,0.5863496393042255,0.29746843696614833,0.5284939707063266,0.6659059619995417,0.2928902781372569,0.8486744177814871,0.5829293341562639,0.899842829101021,0.5179053762584533,0.2036633052835131,0.4607647944996383,0.14348442480480939,0.4008957665531819,0.04389483273501583,0.447601223777384,0.21541293222773447,0.8033212548363762,0.9223218072604137,0.4066969292744274,0.8187138315979953,0.314386850366005,0.7531479201092434,0.3006326278694726,0.6615770867060494,0.619886548403581,0.7553797344550778,0.5894563680888765,0.8720848710434819,0.3349061925524784
0.5873829453562139,0.05846762532638717,0.4302086492975108,0.0,0.25788614318259556,0.053470077159394294,0.14360144305545697,0.13766057410612875,0.05458376627148288,0.20651055964660076,0.7351464030100227,0.038754887949135994,0.8663669981735926,0.12791694782415539,0.9333335484578796,0.23387636894009564,0.9790040594001898,0.32435948482168675,0.0773557751260092,0.30019824222433644,0.2353367882335478,0.24377842135483682,0.3289888931196716,0.24703663499541068,0.4365262118503508,0.2630913213493883,0.1524527425152792,0.24622271026039724,1.0,0.4390625196460978,0.0,0.3101606474515606,0.10912622863006538,0.6241025662518808,0.3514821005621204,0.9416656538011794,0.5224751369805549,1.0,0.6819327649742819,0.9859227064883465,0.9018289888931197,0.7275145957409356,0.958569593866369,0.5797591755135229,0.810322105983259,0.8866540652229492,0.5592549806710595,0.2864252274756179,0.5419576763967499,0.620310397867534,0.4092294884123163,0.5866452637711287,0.2967847485301615,0.5314333373847953,0.6647477557131701,0.29266587593305865,0.8496673098890603,0.5831439624136096,0.9000354955501487,0.5203946403349581,0.20344823135354212,0.4672439301416195,0.1435698197471426,0.41102612354723655,0.04257917121117271,0.4599898573745688,0.2126215722592595,0.8067343679928918,0.9213044291992849,0.4116765927484419,0.8166932345481417,0.31675503044883213,0.7513330192514956,0.3014061367075026,0.6622959812583495,0.6178879030331479,0.7561507334671408,0.5876444381111247,0.8699823812996534,0.3387729099695302
0.5833361294002566,0.059039263386083535,0.426599371788287,0.0,0.25554847218601673,0.05162215676182269,0.14262973965605796,0.13397316496188338,0.05450330237011839,0.20098531500069577,0.7313607726436253,0.03836642585659702,0.8631335995189044,0.1252525320265098,0.9312232061510031,0.22841804717507824,0.9781835802905673,0.31611393239099417,0.07725855531953883,0.29315175058134757,0.23468250014840664,0.2403434267904416,0.32737728062274,0.2452440150957568,0.43408874458315805,0.26211273532631746,0.1523484381170167,0.24084974826434005,1.0,0.4291971451516366,0.0,0.3033142261245115,0.10719088189671415,0.6198816683124909,0.34827680546342876,0.9411275544505154,0.519586448797132,1.0,0.6800417603349086,0.9852554827741722,0.9011121463728129,0.7217847328986569,0.9581725594852484,0.5712379224724583,0.809068419327447,0.8837715584809686,0.5560306001564077,0.28567428775490017,0.5388180121770866,0.6181866649677513,0.40634251217579603,0.5839848170620278,0.29449940508299155,0.5280731785420288,0.6619238919186783,0.2909822804249747,0.8485452278880575,0.5770396624076425,0.8992835186050293,0.5123109886848887,0.20193238335884206,0.46247856097401496,0.1427349147887851,0.40494987920376757,0.041902289075465414,0.4539742044298099,0.20978761075651248,0.80450961424004,0.9207734437306587,0.40167639351573203,0.8146143105286116,0.31113370743001617,0.7486875692026563,0.29818646378041075,0.6598249059876268,0.6149936542159645,0.7542760466538821,0.583359459744928,0.8687536940345697,0.33079976997580723
0.582236122032338,0.05873019323146478,0.42433821773954084,0.0,0.2518684391349462,0.06131327841415437,0.13977597909120548,0.15425304844914905,0.0526641584401997,0.22994326950246702,0.7314837532926259,0.03560153889625492,0.8650729354251827,0.12868128763014325,0.9327414818288052,0.23938965809550722,0.9789265328607868,0.3328571739083183,0.077511869325325,0.31682135327232813,0.23521666354736587,0.26718629773730085,0.32750674397241963,0.26978503271241333,0.4346246356866088,0.2843454256960897,0.15370503494829346,0.26797400395591975,1.0,0.4474379985654357,0.0,0.33566022561784076,0.1054169358854725,0.6293624883169953,0.34866420076569465,0.9434512139457039,0.5206326867893533,1.0,0.6823987445200057,0.9848623035625014,0.9048807247711943,0.7232308127024148,0.9606114975884388,0.5796439672223792,0.8125555935456266,0.8836637902927815,0.5545321015732518,0.30519181863629447,0.5396930475745176,0.5963840285173996,0.40820294545764774,0.5649009933271024,0.2961435522068447,0.5152076857869454,0.6587606169205424,0.30898602386593343,0.8496691006030722,0.5689038624557132,0.899261353979357,0.5125072271610842,0.2028588226502241,0.4597474297389528,0.14343052104668302,0.41191470863129526,0.040724400846245366,0.4740148238311561,0.20922021227558393,0.8090768796052774,0.9197878963633802,0.411957310844002,0.8114346292650376,0.32822222705240506,0.7454088411345613,0.316246658117243,0.6603207082113445,0.5933644880126937,0.7550359072304511,0.5657495598495881,0.8658202449455754,0.3459743082574391
0.5849538883095107,0.05966372900240636,0.42687268344906604,0.0,0.2539345498297156,0.0583655513515233,0.14126252561852198,0.14830175150816433,0.05352069567603544,0.22117680233912698,0.7341142076513546,0.03734109144930788,0.8668971426649068,0.12880673401715487,0.9337285858180084,0.23763012941369654,0.9793481896024586,0.3295531431803977,0.07821342182978418,0.30805669683425196,0.23652813700327113,0.2612672793033515,0.3286941298541616,0.26555298499186275,0.4358140176108993,0.2812136499511249,0.15491232479305644,0.2603516771853445,1.0,0.4435340006482291,0.0,0.32576779470567047,0.1043098483963976,0.6230418795549056,0.3472351125631847,0.9415742682275748,0.5201396048662493,1.0,0.6826126505861175,0.984880099108556,0.9051934936375036,0.7216466394823108,0.9607306893897267,0.5763547687395383,0.8130030943414647,0.8831407989724623,0.5559946516903442,0.30314769392925706,0.5403903580029723,0.5977317139641789,0.40841415494662575,0.5648860999562403,0.2962098109951695,0.5134559122535074,0.6600063456757386,0.3073216359789506,0.8497981191206028,0.5685416306658791,0.8991512493791198,0.5105165285526007,0.20303853645762215,0.4554720767145617,0.14386412074462085,0.40561087855677036,0.04016509311058824,0.46524021874723276,0.20754713247356682,0.8051779234143963,0.9191539802624419,0.4082235685442098,0.8115090241181853,0.3257566183417887,0.746185503495069,0.31440917012059294,0.661078909994967,0.5947175345972942,0.7554513774140118,0.5665496587340275,0.8653905394022268,0.3426741943776012
0.5835291680034221,0.06033913075708225,0.42596781092931235,0.0,0.25295757138273983,0.06499117233074876,0.13958333333333334,0.16266596515398474,0.05225711153887285,0.24077162778966552,0.7319644957758529,0.03603388595537258,0.8651748476098813,0.13260849716276088,0.933546545823976,0.24811310264775838,0.9797133996364025,0.34355679585890553,0.0770031280076997,0.32580834420406785,0.2342864399529462,0.27933403303799287,0.3271722275692439,0.28219974850408747,0.4347289059993584,0.2969025864664101,0.15279114533205004,0.27907819787177685,1.0,0.4575598387605645,0.0,0.34655268893607827,0.1075506630306919,0.6338944530777513,0.35198173992086407,0.9450080954201889,0.5224073628488932,1.0,0.6825814084055182,0.9859977707084103,0.9045255854988771,0.7275274118792494,0.9604240188215164,0.5866508283906522,0.8121116725483906,0.8860322135346747,0.5547882579403273,0.3181106889378863,0.5420055341674688,0.5813045062245691,0.4111986685915945,0.5509360583846585,0.29815394075499946,0.504279136958599,0.6589094749224682,0.3220612178296319,0.8508642123837022,0.5651407861823698,0.8998837022778312,0.5135633318597951,0.2036927868677147,0.4542574858906454,0.14314511816917977,0.41246956872338253,0.041757566035718105,0.4816951294589222,0.21247861191316436,0.8120723462073567,0.9198000213880868,0.42054600467735387,0.8115261736712651,0.3407055445718196,0.7453066516950059,0.3290230079887469,0.6619973799593626,0.5797170625783664,0.7567693294834777,0.5554651544367513,0.8661052293872313,0.3571549321494403
0.5852994994690937,0.06007476588864268,0.4278262553563174,0.0,0.25465662200333067,0.06264005233968742,0.14072764340605082,0.1576848958286909,0.05277294917956571,0.23412561881519064,0.7334001415308009,0.03774572110576503,0.8660836092874448,0.1339403976461402,0.9340309948474564,0.2483309593886097,0.9798248970850889,0.34332321361402335,0.0766972255585791,0.3208328356665734,0.2344443788595164,0.2721191334002435,0.3277903752423234,0.27493488736092814,0.4356064700931623,0.28990232658467496,0.1523014672380072,0.2726503740968462,1.0,0.45744815500819147,0.0,0.33933445167224946,0.10842161322563551,0.6325106827512563,0.3530125699778286,0.9444496934669873,0.5234643344371498,1.0,0.6832681279136013,0.9866209348053573,0.9042677439101631,0.7300450484979971,0.9601790424320483,0.5886369754220957,0.8122919566865345,0.8876247657995083,0.5563699140270023,0.31154325422363094,0.5429390787498865,0.5900622335997262,0.4117398937126235,0.5589454337366365,0.29864060130030595,0.5106141178106466,0.6607153871305127,0.3166488695091015,0.8510258993406946,0.5714162199550407,0.9001299244793238,0.5179694839656227,0.20395755667698415,0.4575818565257928,0.1432160387425645,0.41278917409898547,0.04211635635784345,0.4777360232890217,0.21359411964061523,0.8112803079056816,0.9198951584395533,0.42206182001636505,0.8127860543746216,0.33803843829496694,0.746909899794336,0.32480911880003777,0.6628244215575153,0.5888428757592018,0.7572474845785148,0.5641544448623855,0.8668483000718266,0.35636624232776126
0.585848367297691,0.053267785901224704,0.4267080373761416,0.0,0.2535580400984885,0.0660709165314447,0.14114528123187203,0.16312244231588405,0.05414983124810528,0.24296196602517034,0.7356204631753857,0.03167094570292494,0.8690510839981798,0.12559979712561473,0.9351429433745135,0.2384345854417739,0.9793552003882537,0.3347071001062439,0.08065406231283866,0.33267835625338743,0.24011031890444698,0.27168592923595586,0.3321437909990475,0.2686602168965854,0.43878114146322444,0.2778268573199697,0.15824498029491418,0.2788437154520999,1.0,0.4526601572276486,0.0,0.35241468585133484,0.10152874899088317,0.6396128811974893,0.3453629694955995,0.9456523720888603,0.5208992214088044,1.0,0.6859332641879643,0.9839614870162051,0.9089230463128333,0.7252502366039093,0.9622864218078131,0.5829133026922293,0.8172612921938553,0.8837665684891659,0.5578102114221607,0.2948399629389603,0.5405088570378043,0.6084549226044165,0.40831169459704897,0.579144214847952,0.29656641484398266,0.5313087884056625,0.6603788296866209,0.2992330884144472,0.8498716463879835,0.5774411639420615,0.8985498965844294,0.5201888190357168,0.20406980769476374,0.47643408488569255,0.14513738440948937,0.4283989332520068,0.03887780158057441,0.4874604071741952,0.20460284992743769,0.815102539410504,0.9173636658786425,0.41772979584936243,0.8100595084853198,0.3256457090575789,0.745669620020878,0.30943316167464185,0.6613158547463277,0.6041156649191403,0.7552623636557959,0.5758524784984643,0.8630437719762288,0.34808620172410076
0.5956856767300976,0.053672343418779696,0.4360591264833438,0.0,0.2604073472578965,0.05977656660972369,0.14618954791958,0.14957978636016353,0.05674486880458823,0.22530517128351382,0.7447553319043209,0.03445608292938911,0.8756050783289475,0.12365797209634688,0.9390067926191594,0.23018839033213545,0.981155663533159,0.32252772580601424,0.08066333638550803,0.3177266513861707,0.2423763410109957,0.25461884094726317,0.335638424867965,0.2528220268828267,0.4436736027118004,0.26294495671855334,0.15902114396207256,0.26129967158098905,1.0,0.43967872677420433,0.0,0.33366829201378756,0.10206835122222543,0.6332513482086888,0.3467220168490538,0.943634429286235,0.5229122993894776,1.0,0.6872928959540757,0.9836117477984442,0.907692267328525,0.7228400348995044,0.9615425988261809,0.5758577733541965,0.8171456569478078,0.8829343337432589,0.5651274173617142,0.28209661803385633,0.5435984352576027,0.6251150423563226,0.4099958284030655,0.5932939677131733,0.2974879902610265,0.5412342110845803,0.6680733781277138,0.28752135361587894,0.8503321535672401,0.583093678372675,0.8990768702003679,0.5193374836308883,0.20434003499943593,0.4797716857832371,0.1452371644684887,0.4247882183866795,0.03885488352324157,0.47536777665593205,0.20532849358125038,0.8113034199281275,0.9174168107485524,0.4084015612264592,0.8149968909796431,0.3135293001118124,0.752711538007446,0.2976235479142442,0.6643327150274565,0.6202007200016588,0.7570976179919139,0.5890447775954114,0.865990072124025,0.3360616515376996
0.5954856904530198,0.05313439796722472,0.43567555758574805,0.0,0.2594433741799236,0.06273942200993873,0.14522584788120727,0.15557404995094964,0.05611540320284933,0.2337434264485936,0.7447154310076596,0.03342660941445136,0.8760501281007329,0.12447612614785868,0.9396907045871317,0.23309531850565285,0.9815958637034683,0.3268297389877937,0.08057370591779045,0.32543703060420387,0.24207728413205962,0.26148823595632104,0.3355252792066361,0.25856451327575947,0.44385149583258854,0.26766938453868544,0.1588872779752802,0.2689631881121243,1.0,0.44398530097618244,0.0,0.3428563387529953,0.10269574255393803,0.6380333220758753,0.348177791900856,0.9450338527846127,0.5242140175964728,1.0,0.6884848364481341,0.9834137437480902,0.9087174700270766,0.7236591563339284,0.9620424619173402,0.5785336356764929,0.8184703382256558,0.8828548913655296,0.5652102242259339,0.2861629758286293,0.5441930977868695,0.6207008571750213,0.41082004329606164,0.5900910245895048,0.2982098998364812,0.5399671925507792,0.6681436317054279,0.2912593879159229,0.8509178897473072,0.5818376996188547,0.89926449656743,0.5201604991878548,0.2048896744851145,0.4814742445441534,0.14552706665872245,0.42884884450233995,0.03908826703210132,0.4824914362908284,0.20643019337583496,0.8142800855566813,0.9172482506140229,0.4117479615959859,0.815033796084818,0.3177409498078191,0.7527304985667282,0.3014015535292131,0.6649937439176977,0.615734709959634,0.7577360264278101,0.5854465190331452,0.8658311983211191,0.34011916823466976
0.5953301089800433,0.05249666039302398,0.43638872431521214,0.0,0.2624298303019508,0.05121747651379172,0.14850547739919379,0.1321975885095728,0.05867987386557106,0.2020115366259909,0.745186381302365,0.03901982989251514,0.8755054993423507,0.12518859063864035,0.9378756958884977,0.2274630100845598,0.9797322676703725,0.3175216230017746,0.08257403556598501,0.30080942339388334,0.24440481768463554,0.23058433497329403,0.33639311294659163,0.22847560652274818,0.4425360351813344,0.23886162077900192,0.16098790673900165,0.23957784752796443,1.0,0.4360324524809702,0.0,0.3094746048222545,0.09676803114379351,0.6253189787739738,0.3362317662046987,0.9405713397435386,0.5154208762031627,1.0,0.6833744444831676,0.9852323632795049,0.9055114756256704,0.7283299640651751,0.9601731702311389,0.5782601210612068,0.8148810745434856,0.8864715227227657,0.5640940251365316,0.2590677865760512,0.5384960418417278,0.6590542756049247,0.40337459937603987,0.6242017812689998,0.2928533719532895,0.5652794192316325,0.6681258866003467,0.2674104480485,0.8473472659471892,0.6041343571647009,0.8977229457010129,0.5326133777500456,0.20249467878445238,0.49283882210482044,0.14532371964906438,0.42645128532192794,0.036689603719494174,0.4603783507753191,0.19607695077891754,0.8062628435945285,0.9165411389014739,0.4088383543056051,0.8143860627393579,0.3011021611016236,0.7526264022645338,0.28090180647495133,0.6609362757815959,0.6548658745557179,0.7535647949153833,0.6204463124128778,0.8656472134126901,0.3289173281110282
0.5884315913648095,0.0509717831344316,0.42900274403993,0.0,0.25652250902577667,0.04945824840879798,0.1458984628790253,0.12850542533595993,0.058200653779615634,0.19802778391928005,0.7399964839599783,0.03633265346310821,0.8725250772637055,0.11894719406017598,0.9359908735830741,0.2163039467781758,0.9789910239065243,0.3035692831362089,0.0819695938973775,0.29699902107218545,0.24209336869756196,0.22157465906368434,0.3329785445123023,0.21787790914668348,0.4383559200686902,0.22786482123015042,0.15968363283369896,0.23250139872220418,1.0,0.4208259250228025,0.0,0.3051226290147948,0.09384259860836155,0.6265784944417232,0.3297357619488034,0.9412245199734687,0.5085384993643102,1.0,0.6777249947132007,0.984312983909896,0.9020464372068374,0.7221842673432667,0.9582705924017866,0.5682402261842219,0.8101828850382305,0.8834073512715753,0.5603427629450147,0.24766518251636346,0.5297442972633488,0.6684527182131048,0.39498505682990775,0.6338809973546911,0.2862655323615814,0.5738230294723388,0.6661908547289465,0.2547991989427295,0.8433865325475748,0.6023555406105752,0.8957589678129466,0.5258740503085009,0.19825688494141208,0.4988223718774015,0.1430015516437487,0.42865663662583414,0.03561200753145964,0.4597320851588998,0.19076682794589375,0.8073801346612248,0.9170609472415647,0.3958401610645502,0.8145250670722852,0.2860637504523187,0.752100706520216,0.26640841550900335,0.6537305694201336,0.6627597233409235,0.74771457398589,0.6246419662159712,0.8666726541261239,0.3142550231366781
0.5920598809251956,0.04881779377912116,0.431478024071616,0.0,0.2573428036871466,0.05691190929805776,0.14597686550417263,0.14280639768460301,0.05808565567809922,0.21749443470294588,0.7438193832512147,0.030020510636063126,0.8763810841243027,0.11397626251280091,0.9388325088562461,0.21414066853586736,0.9802336087878706,0.3033108776393221,0.08496073506020536,0.3130614531333425,0.24636586250262413,0.24004811100834722,0.3369420795249117,0.23481104248298318,0.442158166666557,0.24177678125975569,0.1641941128584863,0.2512771736751967,1.0,0.4209764288152555,0.0,0.32618257091924413,0.09205231289020624,0.6338494058334233,0.33077380196360895,0.9437015133523365,0.511753158338428,1.0,0.682124103928205,0.9821538501935819,0.9067216654415224,0.7160750286652915,0.960602126025551,0.563433445465924,0.8152287290505275,0.8788734613375969,0.5629499279062407,0.25869586782164206,0.5335023747177616,0.6508771725081619,0.39860182198797145,0.6192308365596982,0.2891772493022601,0.5641322075337929,0.6667129523299348,0.26320864539356786,0.8452580337981862,0.5890987282238606,0.8953110429476114,0.5165361532783466,0.20080168523686961,0.4959912355688857,0.14556161071475812,0.43255560191277,0.03445890853141294,0.47248059075300003,0.18990897957222833,0.8118907713808063,0.9145786019404442,0.3930288636874214,0.812385122164537,0.2910424246314358,0.751307789350656,0.27329328459018115,0.6566224583741623,0.6433381279011755,0.7499771313725322,0.6057909724025453,0.8633114167427309,0.3163860434311989
0.5950564151654008,0.0517935488592495,0.4345792009290063,0.0,0.2597222658129852,0.05523391331393966,0.1466048898374239,0.14065609162595824,0.05788112275856297,0.2144127925059919,0.7461356788651058,0.0363291069762336,0.8773408239700374,0.12434052362917833,0.9398695938735798,0.2283630642003769,0.980756203837382,0.3203081032621622,0.08387669219341745,0.3111491666209269,0.24584078735379658,0.23961212653457015,0.3375683939070575,0.23508278902976745,0.4436201431171929,0.24382384689975667,0.162904347917059,0.25032914356806996,1.0,0.43894688694952155,0.0,0.3225797244634722,0.09426916598665076,0.6293334797006788,0.33450505304124034,0.9415211226375396,0.5152611261063336,1.0,0.6846968959889523,0.9851444462740363,0.9078996924235767,0.7268719468686536,0.9612502092356622,0.5784130120570101,0.8171116847655514,0.8853687542309311,0.564920595066223,0.2627535356861884,0.5374858765928064,0.6508158149916754,0.4022006360764129,0.6172091406407231,0.2916921672629883,0.5609623652963024,0.6684118228610885,0.26987503887882613,0.8477019385684096,0.5985809685859085,0.8971096708723034,0.5295892566368443,0.20206214822254304,0.49225094681376586,0.14571956144205217,0.4299862780613645,0.035594255434896326,0.468583347055272,0.19342986943694684,0.8078694403278629,0.915763684012303,0.4096170664324789,0.8140006120143117,0.3033038769050625,0.7527462180654071,0.28272975099255354,0.6604033278932061,0.6461379146312458,0.7534550038708597,0.6120321276323252,0.8646801048270667,0.33127394478291894
0.58457356040978,0.06160228248543683,0.42768996286393246,0.0,0.25447452431547035,0.05724620732688633,0.1414691352093749,0.14738715705090588,0.05367586524141734,0.22163041670220032,0.7344794205115077,0.045230059704996016,0.8674973528294946,0.14589178796662736,0.9344495431862259,0.2610681376617696,0.9798986145213014,0.3584300904398547,0.07934338325830001,0.31281077881625197,0.2358946449172023,0.260113161696598,0.3278437586991386,0.26235241568389706,0.4341754483408542,0.27809812019187335,0.15480929513861696,0.26190321390363946,1.0,0.47503088262239274,0.0,0.326998631285553,0.1021633421012973,0.6267622937323686,0.341541261968205,0.9402527857687472,0.5128225714637323,1.0,0.6745885451387815,0.991829931530503,0.9000379718429242,0.7468232906056879,0.9578334859007323,0.6076881053563935,0.8056756388581597,0.8987835244270356,0.5547705993957409,0.3028607905106968,0.535826137658131,0.6089023011458867,0.4041368907970599,0.5738915819417507,0.29308866392418265,0.5213324405588678,0.6600210457458703,0.31206520518473424,0.8470577086460636,0.5943488389569399,0.8975451236454022,0.5398983216571831,0.20114678914176395,0.4634690029662516,0.14297089856384831,0.4135848075229477,0.039292631290772845,0.46966072600126824,0.20355869216286168,0.8055530459173722,0.9198728305212014,0.4397617879581837,0.8128001305652277,0.3440015941597014,0.7469298415909478,0.32521871144949477,0.6566766279687302,0.6114269502492141,0.7517786550860224,0.5881976454058564,0.8673018998425188,0.3678329307123141
0.5807922120449215,0.062336631913915794,0.42429533351098314,0.0,0.25259282533445226,0.055622240741165486,0.14014514253744897,0.143729086548876,0.05295554910359768,0.21547130285862826,0.7305602729973631,0.04554046006831621,0.8638758413507749,0.14425237412003164,0.9323737592686131,0.2571601625249645,0.9791453718912942,0.35173334760481256,0.07924771938755895,0.30622856623452965,0.23456998805503962,0.2592626572305005,0.32588198485204023,0.26339628924550595,0.4315146766574793,0.28069536083481356,0.1540727542215028,0.25815321962022575,1.0,0.4660444981323901,0.0,0.3188987515004167,0.10239323445928837,0.6212629749408116,0.3408211397958088,0.9388976811394757,0.5115048131163885,1.0,0.6736109177733322,0.9908849421452921,0.8994727513048643,0.7412164567145186,0.957680901188265,0.5994369561653214,0.8048676044985171,0.8959243883439393,0.5519619033982816,0.3055387780725518,0.5342777939076725,0.6038585662430246,0.4029070931322444,0.5686080125860855,0.29239035759313686,0.5151044069138521,0.6579492319297674,0.3140354051613484,0.8466159701866516,0.587241637380402,0.8971924703000028,0.5315947613477373,0.20093716897810268,0.4566363652581226,0.1429882021972894,0.40669213446112,0.03958541309544169,0.462160617003618,0.20336261903530856,0.8024292096403842,0.9193277678567877,0.43210471188177096,0.8116255884649599,0.3419166086887824,0.7452124041983685,0.3258594955881591,0.655506547190548,0.6060162779812313,0.7511775927921909,0.5819654375355194,0.8664835813138926,0.36289738211800643
0.5660143825102552,0.07495151595456352,0.41159718036094334,0.0,0.24243250594942747,0.06462531770601203,0.1316227960463816,0.1696329265893331,0.04767743372932395,0.2502399107010211,0.7161866801169519,0.05238384909115001,0.8530672527929162,0.1663765654424194,0.9268052975533877,0.29967155321600797,0.9778938274946247,0.40538584466635347,0.07512886439406055,0.3292448133113298,0.22679859974876398,0.30309555071049704,0.3176331325358845,0.3134568823253069,0.42320078514672976,0.33636684855712284,0.14820191283832457,0.29338870351855645,1.0,0.5210127644538669,0.0,0.35588393541884994,0.10744303790547348,0.6245267033659773,0.3460454931292827,0.9393668365113973,0.5093823940687523,1.0,0.666608573463298,0.9954437043015286,0.896157373804476,0.7580224532324704,0.9570390509347538,0.6337497139140176,0.7982122329250406,0.9051459339653324,0.5394849251554505,0.36462511694391914,0.5319198231779579,0.5381538319460673,0.4049930083121122,0.5039248989162862,0.29341168397844125,0.4598054213795568,0.6443404234379421,0.37313140682028983,0.8469285098204852,0.570239629634091,0.8983717500269962,0.5389618993700086,0.19967864206795402,0.4203506510714673,0.13986041228404705,0.3928472481539926,0.042241960242378515,0.4807549457741587,0.21042998538785074,0.8032742289731822,0.9232711804402235,0.47146869516685336,0.8065011078715607,0.3967641165865626,0.7345147440550149,0.383831022561644,0.6517011740294676,0.5469492192362206,0.7503338650570065,0.5367314325178377,0.8663897329489614,0.4118654412148516
0.5691027195118806,0.07076353137218643,0.41214624422918916,0.0,0.24018510808410923,0.07433736453813468,0.12838409927452663,0.191158185538951,0.045694136893028606,0.2811905829802581,0.7217579372828462,0.051385345649333204,0.8591601604957831,0.176258018903105,0.9313817891079514,0.319784507463876,0.9793794605189953,0.43452621168576017,0.07803794273587096,0.3592029269060188,0.22878902320851557,0.3225634743624978,0.3194868261553596,0.3248898374610868,0.4249991709928558,0.3426793123282941,0.15111289603513517,0.3191817168498367,1.0,0.554035070153589,0.0,0.3922675246045847,0.10510042039873402,0.6406479079589816,0.34538648313062575,0.94165497695603,0.5091769248624769,1.0,0.6679491100147747,0.99689000910316,0.8994727514562892,0.770719905678594,0.9587736589427764,0.6564910843181467,0.8014045223260835,0.9105806099628007,0.540211267865104,0.3669063866176397,0.5338651260643531,0.537845544611103,0.4073343183166365,0.5065106494711279,0.2959555504791661,0.4672373084479572,0.6435527193276568,0.37742661535113575,0.8477869193726074,0.5817389181032325,0.8971500576620525,0.5575230822829622,0.20237132888002976,0.4359596273323655,0.14243079632584033,0.41467396690373026,0.04080852145654713,0.5072646485781804,0.20844703012796187,0.811240716769124,0.9207307053192783,0.49816864038022807,0.8042128300830113,0.4133243289356863,0.733070016101161,0.3934496072155058,0.6535251226009454,0.5488265505766867,0.7519006370459344,0.541992539699892,0.8630598101020969,0.43456401380901344
0.5707588782355694,0.06842023170027788,0.4130855867271048,0.0,0.23989067064495065,0.07570544796678585,0.12843922135521682,0.19323159397511722,0.045883952516213196,0.28580738933336247,0.7238647824173952,0.05031895795477463,0.8615239853943504,0.1748541317498527,0.9328921669086986,0.31816714171747507,0.9799014390428613,0.4339338280220037,0.0790639867606,0.36631335073254523,0.22980172485347708,0.32353592784923685,0.3203150307295994,0.3229080461254631,0.4261222529016278,0.3385275974880757,0.152524880802062,0.32334915290608895,1.0,0.5550812222631758,0.0,0.3987217838199251,0.10379163664222843,0.6452716631613249,0.3442794906092372,0.9424574217706065,0.509642711021301,1.0,0.6693168972029343,0.9966211617997554,0.9010475315320874,0.771910042034297,0.9595766388936022,0.6577955191896352,0.8032798806514807,0.910867619285109,0.5419008940120803,0.3617095470806977,0.5341455907964722,0.5456023938984202,0.4071438697626178,0.5147765804090967,0.29598183034851855,0.475907522559532,0.6450321766487365,0.3724908326287878,0.8477718745018882,0.5869482067121748,0.8969076481334165,0.5616461628180762,0.2028124175934761,0.4446117912611183,0.14309996173031847,0.4228038296811215,0.04016774020101499,0.5129684400020267,0.20702795890379766,0.8136174829294657,0.9194566439766386,0.49992399849387864,0.804180430162973,0.41138969499055694,0.7341241421457906,0.38964332940244933,0.6540288572496806,0.5557935501048622,0.7519779402096826,0.5484576661676067,0.8621211687164084,0.4344822310465656
0.5647181644060978,0.06299687829227425,0.4046110500687477,0.0,0.2317038024388926,0.08112941286236884,0.12388772808328981,0.20208489645493738,0.04455241937904906,0.29822513616166013,0.7205510624373315,0.04206044372567848,0.8614335849079261,0.16257177400857595,0.9331000714495861,0.3029174166410736,0.9800038726876452,0.41740303462646416,0.08205894891054391,0.3773903611928578,0.23166102274978836,0.3301711302292492,0.31957178281727516,0.32580443259171715,0.4238138768305204,0.33703266713576513,0.15634175117531568,0.33280980908210905,1.0,0.5385081891373902,0.0,0.4132258553595795,0.09827620368535764,0.6518042148885632,0.3376240610984023,0.944521655632486,0.5061144934584602,1.0,0.6694743652094554,0.9916981234765638,0.9035408073202803,0.7580015627976411,0.9609676615571207,0.64095501708581,0.8055422963536695,0.901475716379441,0.5382435410174661,0.35590480929592466,0.5292598063055761,0.5469451582429801,0.40202550570095646,0.5189965439624307,0.2924261937784823,0.48222414872235464,0.641379367280893,0.3637353196154429,0.846024641100924,0.5763768752599804,0.894767218449604,0.5477430791778596,0.20180530288019885,0.45244741108186803,0.1441915689488505,0.4315284705187166,0.03788028892051083,0.5225760114449658,0.19950195435632329,0.8175151906263242,0.9160467364350859,0.4833632027243995,0.8002623820931727,0.3983248519812931,0.730708611776573,0.3787791906885251,0.6502400165715007,0.5534198832955592,0.7487391249527172,0.5420361464986724,0.857979687903405,0.4196480984018256
0.5670127136336587,0.0623363108143266,0.40641722897104504,0.0,0.23268304389923886,0.08122356160687615,0.1246920146885013,0.20176914404648338,0.04501344038495249,0.298040065909288,0.7230295146790972,0.04160668343306449,0.8634775876972893,0.16133996280557725,0.9343064979540371,0.3011110147525029,0.9803340798959979,0.4156110581138766,0.08234709070021659,0.3773711444511895,0.2325574047004107,0.328699447865175,0.32068766019938266,0.32365989265651046,0.4252405388793134,0.3343759334740169,0.15708285340914818,0.33205658177473285,1.0,0.5368292236386938,0.0,0.4132358184218387,0.0980595138590569,0.6521897493712601,0.33826134909415645,0.9448636043900982,0.5078148334001653,1.0,0.6716039611707166,0.9915801848158106,0.9050378309407968,0.7572514670598098,0.9616431801613448,0.6398163404927779,0.8077246289693899,0.9012565162508793,0.539977715969645,0.35313213655941955,0.5311318135755035,0.5496054114994363,0.40346809328597666,0.5217356112508311,0.29349467312366884,0.484890006648744,0.6427460666278966,0.3609978897464805,0.846908260062609,0.5773692172790256,0.895052147790819,0.5478179593173956,0.20262969614122148,0.4546825465652974,0.1447679549323918,0.4329276635928271,0.03766768507143002,0.5227001609188757,0.1995000011284958,0.8179439000183082,0.9154651321130031,0.48185856483488954,0.8004849522608661,0.3959712465913142,0.7316647645243052,0.3760818662735235,0.6520381010274579,0.5556557685080796,0.7501179278108762,0.5438730378978406,0.8575853349714077,0.41770396708389945
0.5632689127368005,0.07161774786564466,0.4079537559728574,0.0,0.23850359927114118,0.0805716540994163,0.1285444566539114,0.20432168006480964,0.046255740422014816,0.2990787478448724,0.7149141526430649,0.04882324837456638,0.8527867721935531,0.17513450073741718,0.92652113405043,0.32369913379447873,0.977346517605425,0.4415903284102948,0.07559604120438868,0.37338858769032635,0.22867322951951397,0.33880060655158806,0.3195060510069394,0.34064311086184335,0.42403023197417805,0.3569400303275794,0.15051564052238298,0.3354697658960138,1.0,0.5625900999148336,0.0,0.4125392077439189,0.10397585307447962,0.647428387445213,0.3440900282656074,0.9436010884692881,0.5078050705322441,1.0,0.6664079984128506,0.9965382937620739,0.899264332844548,0.7708720217693857,0.9590540355541955,0.6601046924658814,0.800490639991625,0.9096071955297979,0.536103621526372,0.3800845433206622,0.5310310394583779,0.5276084834133068,0.40565648904698565,0.49804740242205187,0.29434592681689437,0.46299723728215036,0.6376372558421811,0.38899794354084877,0.8466468175385861,0.5777715460833801,0.8972372034252557,0.5581479404250016,0.20017848109513306,0.43673687709021414,0.14002713088345214,0.42016264722378016,0.04012896320639311,0.5205614756652334,0.20729137002176473,0.8152302611079952,0.9221044956298486,0.5024729440601566,0.800625342704933,0.4222866163976652,0.7275813322537594,0.40385638021644754,0.6503329865714572,0.538142124176897,0.749310929734233,0.5333374877962651,0.8619048281405681,0.4422269998545938
0.5657839573639933,0.07048300942585711,0.40987215376264524,0.0,0.23954216013215632,0.08060814776080456,0.12899289645057893,0.204089041809385,0.04648051415046462,0.29875707403407914,0.717742398142986,0.04778421707834528,0.8554797654019338,0.17304425583791527,0.9283915439959636,0.32052246002597035,0.9781259515652375,0.43798210953961925,0.07687985160363106,0.3727137990463784,0.23034902861278522,0.3376682580987183,0.32101968075951637,0.3391317980088019,0.4256480940745895,0.35476764370074476,0.1522908910107517,0.3345885328192894,1.0,0.5588824702160862,0.0,0.4122737263128799,0.1032912572944141,0.6472806933404293,0.3438020832567178,0.9435387136732171,0.5083745095991327,1.0,0.6677571818811682,0.9955928780579372,0.9005782574606392,0.7683636097350673,0.9596668730996277,0.6563187484722561,0.8020619269462681,0.9081466262775033,0.5377154490799514,0.37732926141256873,0.5323072487389692,0.5278407784093312,0.40664988724641477,0.49880719950245833,0.295294505303758,0.463676053331023,0.6387097106359066,0.38602283287281847,0.8470221432448614,0.5761881334657636,0.8970522255777794,0.5555294270535198,0.20126698842749569,0.4371539047843006,0.14115601477491208,0.4198977481700594,0.039734422279461196,0.5197701654449873,0.2065420615739018,0.8153845995171041,0.9211879653016103,0.49847818665445504,0.8004129149559944,0.4189076154613348,0.7281608882599466,0.40064172976184215,0.6514509393190066,0.5378112085085404,0.7500055163202173,0.5322829675514946,0.860979168903841,0.4384080728820185
0.5554317818569283,0.08324095749767142,0.40554198440997125,0.0,0.24080025267115845,0.07586741795077932,0.1300431055359132,0.19613898519979742,0.04528093635674657,0.2822816654330213,0.7036782617534041,0.055705285078321724,0.8411132265574851,0.18746096899595435,0.9195961354410183,0.34049083737957203,0.9756776723692765,0.45712167520774233,0.06882219358676396,0.34825985175006463,0.2204071525583978,0.33684656639313976,0.31309258174123444,0.35228543129775947,0.4179415622908761,0.3806167754517562,0.14036483150367307,0.3215245731528079,1.0,0.5718506923170457,0.0,0.3857142688496877,0.1153507961119748,0.6380590803970804,0.35395313714027277,0.9436123732857347,0.5065504179238262,0.9991689126095081,0.6557764760695719,1.0,0.8866506541549876,0.78028953479175,0.9528335801606754,0.6727251048598544,0.785606066290707,0.9162974584544844,0.5313393413223079,0.41178137207333876,0.5276775195659841,0.501148057510303,0.4047793322632555,0.4694947248380619,0.2927697438566596,0.4326695258906152,0.635926373370752,0.42116297930663227,0.844589501458794,0.5702912229380119,0.8995789041411739,0.556985561037112,0.19677243974331776,0.4069790091407808,0.13483935530653773,0.39247865911604884,0.045612464928574695,0.5049823925164358,0.2207959823648629,0.8117669697066285,0.9317173930394007,0.5127148107092221,0.8075012773400221,0.44576387437830767,0.7294460812436006,0.4328513262572853,0.6452616995136898,0.5158184026830901,0.7465464068374016,0.5174652306798744,0.8728471960254772,0.46003756420563274
0.5559205725436354,0.08593873613462842,0.4058569235509381,0.0,0.24072765258190584,0.07156739804509182,0.13010408164368456,0.18810028173537657,0.044940107784366405,0.27152040278948725,0.7040294812404392,0.06145042945161968,0.8412849528916373,0.19561834184679547,0.9194894296725928,0.34895630385857024,0.9755795977275553,0.4660972919869547,0.0673557694906459,0.33868937552987743,0.2185295596192412,0.3286822199708582,0.31176452305147595,0.3455969696325632,0.417411715739004,0.3771416493681618,0.13807101660008972,0.311995361875276,1.0,0.5798175450528638,0.0,0.37294631913793225,0.11836212628176368,0.6317980762645621,0.35773098773506884,0.9401518962231401,0.5092196444305105,0.9966654622656437,0.6571413899534592,1.0,0.8862439796971876,0.7857370580025363,0.9524125806085438,0.6809270109364336,0.7859853296504306,0.9188174671210328,0.5318576046357008,0.4109439906292877,0.5291684009102752,0.5043086856206326,0.4063609803296234,0.4705346832071074,0.2940313190882113,0.4314093617383049,0.6372527689338862,0.4224814439587481,0.8452903799479997,0.5770226262082385,0.9001028383937211,0.5647684361915423,0.19737336418034693,0.40296660502967313,0.1348764047373229,0.38669892572151887,0.04706376791225898,0.4960774311779278,0.2247931069897675,0.8070809333871771,0.932088822101741,0.5213226212489402,0.8086361277628528,0.4505050218799519,0.7307620581732874,0.43559170333005076,0.646769036589387,0.5212954631866562,0.7478351234330997,0.5243159120267707,0.8736749928377991,0.4667703396174728
0.5738652760356313,0.059620980335465666,0.41886856638315956,0.0,0.2502390518702743,0.052966270616271384,0.14055485515781882,0.13775241065107915,0.053733636652624026,0.20841410447322453,0.7231170962380467,0.04256582025760323,0.8578767352362775,0.13570759545356803,0.928005412350939,0.24413031730474188,0.9769344408607014,0.3357974739002172,0.07792103548160431,0.3004315937236495,0.23356817007624814,0.2488279963307688,0.32385428697563867,0.25306984022414847,0.4286402296426867,0.2704165414999231,0.15290082516692222,0.24871685631609508,1.0,0.4507283295092041,0.0,0.31273914230512445,0.10113566360862893,0.6229768289176654,0.338603198103129,0.9408710961063143,0.5089584728200731,1.0,0.6727508897953359,0.9877584911373892,0.8990382502103847,0.7332736291322139,0.9578510622439469,0.5886023498864842,0.804234196298375,0.8899657479360574,0.548255988400649,0.2939613119998196,0.5289470951614372,0.6212710713011516,0.3982008519865991,0.5862780739274385,0.28863132372624056,0.5308997428477776,0.655140363741071,0.3013980286338557,0.8451612779926395,0.5901172366082322,0.8978979361589764,0.5282291610459081,0.19829997649296732,0.46705785804198674,0.14115877567219604,0.4107912122073615,0.03892548015821698,0.46128018800380455,0.20178462334280198,0.8047221620437521,0.9213954131345067,0.41923785332256297,0.8109703308121138,0.3274990194712474,0.7432783583045123,0.31267390794868555,0.6515595228008662,0.6202168518866017,0.7483600818732749,0.5925937260656354,0.8672948374351725,0.3484666302105942
0.575779982626688,0.056275223683162984,0.4187334714025124,0.0,0.24937132657647376,0.05135985890047707,0.14108839749520818,0.13406598117448204,0.05535733919559379,0.20396735236298832,0.7275444154317705,0.037771221576468714,0.8631006153958922,0.12479713881522944,0.9306469211880465,0.2279937717788706,0.9774770633058545,0.3173445547464924,0.08161405913741698,0.297898205022996,0.23793078837672696,0.2377288121061431,0.3268735303894721,0.2397459412452768,0.4305681561720588,0.25362470833920225,0.15802705530075697,0.2410825285230481,1.0,0.4340716459773775,0.0,0.3102336960848557,0.09530888424371761,0.6233196969789759,0.32990132190201116,0.9409184023418601,0.504586695849373,1.0,0.6715402386354942,0.9849300932702142,0.8993492402230111,0.7235782875760155,0.9576488546280716,0.5742448970843106,0.804772066903326,0.884125691259056,0.5501495249344321,0.27547477172375356,0.525778664518257,0.6357723116682692,0.3935865344614627,0.6015921158191917,0.28533704032575924,0.5447450532491472,0.6563729899650155,0.2817152410756389,0.8423985972754378,0.5888945366803643,0.8951827316221929,0.5213432931795773,0.19749700853684177,0.4769013834367287,0.1423068440690586,0.4150057566645641,0.036267914218789284,0.4590985920668263,0.19233645328527274,0.8057095089075198,0.9185016772126058,0.40418904518981685,0.8100933670854822,0.3074847356527384,0.7442348830644928,0.2918858588147395,0.648848198274371,0.631968473075345,0.7449151556107375,0.5988309071645977,0.8651857986354684,0.32973439729559245
0.5748541451877008,0.05599504743198504,0.41875128873794654,0.0,0.2507750621626539,0.04560640339329234,0.1424586087694827,0.12074294545246408,0.055960337194493295,0.18456073071465798,0.7246224755897871,0.03623674118614607,0.8590702892837649,0.11556067347694977,0.927620231669598,0.21035384953712769,0.9762793377403117,0.29308869736013665,0.07820061859421433,0.2802184974197844,0.2344453878343138,0.21934619474678338,0.32489174601249315,0.2234409502664566,0.4295342349445085,0.2393560456576161,0.1530790223785554,0.2222133520510681,1.0,0.40672512946265843,0.0,0.28717363209408675,0.10123900782339741,0.6194626282953104,0.3365328400752016,0.941573856224902,0.509079992722421,1.0,0.6726453999636121,0.9830071788136129,0.8960088543877737,0.7148018219666274,0.955521256595306,0.5574342745421736,0.802903147552914,0.8796509403552956,0.5510867851294803,0.2622164850624644,0.5274619443265207,0.6484685900544963,0.3948298865910607,0.6130919207468617,0.2859936927648736,0.552837935947992,0.6590860573715811,0.2671931531650946,0.8419970889684032,0.5854483670684352,0.8961659288010189,0.5096912477519137,0.19703681242040147,0.47817285185374864,0.14081933410152223,0.40930383884271376,0.03932621747831888,0.44697076960617443,0.1996943416823337,0.805461079864678,0.9210764752259082,0.3837283739369602,0.8138425617078052,0.2873204920032897,0.747502577475893,0.27416560977740556,0.6497901631390625,0.6422718550138726,0.7451161380314149,0.6045725397576134,0.8692564740129783,0.3086099069435365
0.5785998341431922,0.0561248639448383,0.42237590182350954,0.0,0.25346129977306053,0.04588406412426984,0.1440061802713388,0.12158286818908423,0.05656278546684298,0.18590367257045426,0.7281180988343037,0.037039259649883464,0.8615772994630706,0.11742113676478641,0.9289250489546078,0.21335999801965194,0.976625051944668,0.29732825544089375,0.07869655343695214,0.28143446210671524,0.23627150478745249,0.22043074070267848,0.3271369929635951,0.2242309085821833,0.43204172903586424,0.23978639245847458,0.15427673190083008,0.22348902819670557,1.0,0.4115560809812325,0.0,0.2889672860005146,0.10119706144207552,0.6191310622841965,0.33763088378246275,0.9412129181703685,0.5111861812842979,1.0,0.6752330873957979,0.9834280874863758,0.89805481329515,0.7164389141391599,0.9565464926899131,0.5603349788725368,0.8055795743496772,0.8804064814391129,0.5534058311055351,0.26262565645912267,0.5302438485613844,0.6476098174254126,0.39725390431685365,0.6122110961001396,0.2879214383043796,0.5521990489828588,0.6604591389969141,0.26803185659879725,0.8433843087743621,0.5870314207722007,0.8966574178206367,0.5124645656474125,0.1983386249262401,0.47781522602597404,0.1416922398174721,0.4094174551177369,0.039116699608180074,0.4474056315397431,0.20008201307937756,0.8050714913145985,0.9203551703327448,0.3873410751939653,0.8135965969453789,0.28990495079510226,0.7481112277980404,0.27582197571223144,0.6524671352721535,0.6418383030817666,0.747165392433195,0.604844801473859,0.8682335395661239,0.3118065500011627
0.5760573100789912,0.0623974077132835,0.42131889128986855,0.0,0.2537441720990088,0.038680792357550044,0.1436495092055972,0.10704462434165431,0.05599787829745426,0.16364598690131657,0.7244571425127107,0.0430988175215991,0.8578622038582437,0.12325193786526009,0.9267253148648771,0.21713083144220402,0.9762887685385266,0.29832200233324735,0.07660611978578037,0.25807703502474044,0.23226735863101966,0.2111123468855723,0.3234053325859154,0.22227612302318814,0.4281258193719881,0.24447036941505537,0.150400380942048,0.206699843266988,1.0,0.4086685108628519,0.0,0.2609364067832975,0.10507249652661621,0.6052844345266971,0.340262018209271,0.937794268793566,0.50999641359939,1.0,0.6700788706755996,0.9868642433392414,0.8927877182354909,0.7212652858070251,0.9538204207842463,0.562578435525308,0.7989638617397358,0.8858956853854946,0.5509663692063808,0.27250719970089,0.5299771856700692,0.6352317195433524,0.3974105584839471,0.5972710944728541,0.2878089503298584,0.5339105714720677,0.6597729416622213,0.2791788042067866,0.8424509280941747,0.5836494418111932,0.8963668857686199,0.5099407538171628,0.1975980157259146,0.45723523597902127,0.14053205307872904,0.3882766546691372,0.0411905644512355,0.42638793905160355,0.20431874964211338,0.7974657683900988,0.9225030062475701,0.3872977635374491,0.8154944561479647,0.29617254356302175,0.7484625190998436,0.2850695044255187,0.6512674460306984,0.6327415025387277,0.7462130321962334,0.597783020616662,0.8710408698980437,0.31485508703927634
0.5629227768762376,0.06592287084333198,0.4101147850943143,0.0,0.24503446530393486,0.038556214185762716,0.1371477913918623,0.10904005506955207,0.05228840685435245,0.1669584360381037,0.7119510488469383,0.04866094168599482,0.8487534428084385,0.13502746368077725,0.9225922672661495,0.23434670565474972,0.97542616385535,0.3182683871162006,0.0738298917655466,0.26182795114333723,0.22393127782161415,0.2131285343753947,0.3141097827867022,0.22489438171797932,0.41877890098110737,0.2501557822611471,0.14411231371614883,0.20904850285928409,1.0,0.4280085213942366,0.0,0.2632398193678544,0.10722625020470752,0.6089651959427189,0.3383870535514895,0.9384892173582842,0.5016212836278641,1.0,0.658357277910941,0.9903904300761388,0.8842912653158451,0.7348339172902836,0.9498792597775759,0.5814814412096566,0.7873781059715047,0.8940688988347905,0.5412961336330748,0.28070667015730455,0.5206235019130849,0.6328506940988425,0.39056171745894686,0.5935258146889498,0.2822843871428784,0.5300770588978228,0.6534264318361149,0.2895241552419372,0.8386839166877578,0.5922770473552982,0.8958793491044976,0.5226856610897315,0.19300391549673213,0.456003325585344,0.13643377153151007,0.38989560706569787,0.04267980764936206,0.4319145786267574,0.2056883383703792,0.7990337735942167,0.9267447780970388,0.4058953862521841,0.8162354657654572,0.31066119428327194,0.744982953445786,0.297332087632854,0.642391579448853,0.6339447246898783,0.740319492623085,0.6028443122537281,0.8756527564799238,0.3315857839590692
0.5608794184475614,0.07119460675397324,0.40900853797987236,0.0,0.2445882557279987,0.035504616660674365,0.13605045369318164,0.10406519626735505,0.050975349939801996,0.15862706400384197,0.7092842454323912,0.05446961212118077,0.8458201955857167,0.14371441800070872,0.9209464750526547,0.24571291604480347,0.9749646251510878,0.32931202314839964,0.07275985471859285,0.2515095001728715,0.22202660093791515,0.2154884245068851,0.3125316773102429,0.2322884307147396,0.4172601994270075,0.26243532407155934,0.14234945904786972,0.20519287027912067,1.0,0.4371467666131239,0.0,0.25229582840800435,0.11014841727561202,0.5985449478841993,0.34250856435910615,0.9355676436277667,0.5044918796419301,1.0,0.6602342831635875,0.9924212443127,0.8852094303686039,0.7384432597788797,0.950614517589021,0.5872345818880672,0.7886584707276459,0.8969668595412568,0.5394482175640645,0.2960206790530608,0.5224979296747411,0.6173590579925695,0.39311816177643094,0.5759069718516909,0.28422112792861365,0.5116832683664118,0.6513364786864683,0.30591358494112453,0.8403119744530458,0.5885925500572933,0.8970830495342731,0.5233695544398661,0.1940355663206541,0.43796585852472064,0.1366995606820188,0.3747060968890889,0.04410548610999963,0.4201812176189257,0.20999529916125892,0.7924334875812733,0.9271387778886299,0.4127076505771149,0.8152268050954009,0.3246302662221153,0.7431747437509374,0.3134699233761072,0.6439787472294395,0.6209440939593265,0.742296819138638,0.593471751244373,0.8751058874300284,0.34225884856370076
0.5599232514877329,0.06848356382190363,0.4078110847058136,0.0,0.24340320726968143,0.04530374239536807,0.13462339173882132,0.12476112883125676,0.05020246315974015,0.18879482643855475,0.7083538271989714,0.05146550038193077,0.8455016167833802,0.14832419652026427,0.9217199263681786,0.25875612470500126,0.9756338083040332,0.3494977895372893,0.07303770221966827,0.2824910831661929,0.2228853983033514,0.23902990460939139,0.31377224294605205,0.2496204809609045,0.4181941698401722,0.2743271484811784,0.14305793636106864,0.23416258937662407,1.0,0.46069182527829206,0.0,0.2871593208209714,0.10941593700388612,0.6154329849621885,0.34305209256571834,0.938667443098454,0.5049556602027797,1.0,0.66096186436551,0.9925271363786649,0.8868495125300712,0.7474468519871362,0.9516541593213406,0.6039601529126277,0.7899143396998237,0.8999464156827528,0.5391534288469217,0.3046816556589336,0.5226830568893477,0.6096290404197643,0.3938918946558492,0.5716157469487195,0.2848819796830715,0.51369644966626,0.6506390433707011,0.3151222660816534,0.8410932036660076,0.592939849630654,0.8971644200520098,0.5352704955628502,0.19437619919550417,0.4489462481769493,0.1369590836928891,0.3940894130193228,0.04355514594878887,0.4463038660514848,0.20994687016060698,0.8013319780856806,0.9267279372376379,0.4342250313306012,0.8152143211944718,0.3415250394866429,0.7427269097036222,0.3258698243118449,0.6442212168729851,0.6137210931902314,0.7429016148354485,0.5900729571088674,0.8745665851781871,0.36273425598920944
0.5576360794891903,0.06904890300690489,0.40489412937693076,0.0,0.2402827247548894,0.04702765980470277,0.13205955827958926,0.12841343131284133,0.04858406255186485,0.19298278561929827,0.7065459689943047,0.049790152504979014,0.8443742870028917,0.14518334491451834,0.9212715457006082,0.25587353882558733,0.9754793777636832,0.3455807718345581,0.07372289839764215,0.28439276582843925,0.22211267405767154,0.2465960706246596,0.31228486690823476,0.25816384112581636,0.4164483072854808,0.2835118803283512,0.14334349910136915,0.239430044723943,1.0,0.4555769889455577,0.0,0.2908227828290823,0.1097724023768524,0.6127511082612751,0.3442006072313717,0.9384480138938448,0.5069135654698701,1.0,0.6631901919978973,0.9912644775991264,0.8890880362093017,0.7408980381740898,0.9528812641172656,0.5967941133596794,0.7923462440438327,0.8962835574896284,0.5372776019728541,0.31348971063134895,0.524201952247009,0.595980300359598,0.3953506881482528,0.5584572609558457,0.28610456941298706,0.5020206708502021,0.6485634554315495,0.32196230883219623,0.8424382048606891,0.5810267100581027,0.8975690384804038,0.5248342638524834,0.19562512069664406,0.4401521025440152,0.13815223232492121,0.38907415803890744,0.04387342292289174,0.4459713126445971,0.2106498091373452,0.7995363948799536,0.9256181673359868,0.427809868242781,0.8132094109139998,0.3425419404342542,0.7406402644621572,0.330239949633024,0.6456291002153876,0.5992006746599201,0.7444026063688342,0.5757056250575706,0.8727436282969079,0.3601632276360163
0.5628246865257837,0.07279121484362475,0.4102569892675461,0.0,0.24331809086518255,0.053723638023490713,0.13391041443204557,0.14385467220705928,0.04925449903715273,0.21625167164308604,0.7115711032912441,0.054880820571631204,0.8486592273385898,0.16113601940520628,0.9237732322186887,0.2832032170995177,0.9767166594531529,0.3824511899080856,0.07392785231741969,0.305410370694517,0.22351793655871485,0.26621234441223235,0.3143166293445739,0.27562730234058325,0.4193052445381156,0.3003572459243974,0.14468991299875175,0.26036135783630443,1.0,0.4969990587871369,0.0,0.31766217059907537,0.10894663881623104,0.6226641794000758,0.3442257390715267,0.9392182086021952,0.5049798335246483,1.0,0.6593371094509575,0.9976667729224943,0.887647955439303,0.7641403557746899,0.9524014728113258,0.6299288714688014,0.7889833963731707,0.9106809741081584,0.5392070152989218,0.33186052696603147,0.5255063573010168,0.583303940079258,0.3976151496333653,0.545763881946632,0.2874955307577953,0.49368217938875864,0.648950904198265,0.34294571333183693,0.8423571253834139,0.5939798214524857,0.8974771519793254,0.5483291113932025,0.19578605345527308,0.44042820469776506,0.1375805247674426,0.39780672882318213,0.043033941150273175,0.46490822703035084,0.21068227294681444,0.8034836193124053,0.9262659716603,0.46203366109169375,0.8132170389467015,0.37187999253065546,0.7407964973686356,0.354857054475288,0.6455411076193522,0.5914032748171802,0.7444847983038834,0.5759251330241226,0.8731726287925833,0.3927941573126958
